1.005780676056114942e+02 9.491525815110603048e+01 6.882565834078371836e+01 8.472198917608079682e+01 7.613861528489866259e+01 8.472198917608079682e+01 1.011133518796442274e+02 9.976724269554270563e+01 9.214485562759199411e+01 9.626136733520756650e+01
9.491525815110603048e+01 1.005780676056114942e+02 9.491525815110603048e+01 9.442236486626944725e+01 9.442236486626943304e+01 9.442236486626943304e+01 1.006204585948076442e+02 9.878145612586951074e+01 9.442236486626944725e+01 9.380169876651214622e+01
6.882565834078371836e+01 9.491525815110603048e+01 1.005780676056114942e+02 8.472198917608079682e+01 8.189308963618620396e+01 8.472198917608079682e+01 1.011133518796442274e+02 9.976724269554269142e+01 9.214485562759199411e+01 9.626136733520755229e+01
8.472198917608079682e+01 9.442236486626944725e+01 8.472198917608079682e+01 1.005780676056114942e+02 7.047309740350041807e+01 6.930883971749429406e+01 8.463214339580110845e+01 8.375314387751828349e+01 8.413780621857978304e+01 9.626136733520756650e+01
7.613861528489866259e+01 9.442236486626943304e+01 8.189308963618620396e+01 7.047309740350040386e+01 1.005780676056114942e+02 7.774962981367528414e+01 8.686446010706383447e+01 8.375314387751828349e+01 8.413780621857979725e+01 9.626136733520755229e+01
8.472198917608079682e+01 9.442236486626943304e+01 8.472198917608079682e+01 6.930883971749429406e+01 7.774962981367528414e+01 1.005780676056114942e+02 9.414099251723870054e+01 8.582252397073162342e+01 8.517249626518646721e+01 9.626136733520755229e+01
1.011133518796442416e+02 1.006204585948076300e+02 1.011133518796442274e+02 8.463214339580110845e+01 8.686446010706383447e+01 9.414099251723870054e+01 1.024594610637457635e+02 8.469384060658542523e+01 9.310630247063203058e+01 9.349983144856669526e+01
9.976724269554269142e+01 9.878145612586949653e+01 9.976724269554270563e+01 8.375314387751828349e+01 8.375314387751828349e+01 8.582252397073162342e+01 8.469384060658542523e+01 3.437938777866614259e+01 6.409436561320407577e+01 1.015187643346786217e+02
9.214485562759199411e+01 9.442236486626944725e+01 9.214485562759199411e+01 8.413780621857978304e+01 8.413780621857979725e+01 8.517249626518646721e+01 9.310630247063201637e+01 6.409436561320407577e+01 1.005780676056114942e+02 9.626136733520756650e+01
9.626136733520756650e+01 9.380169876651214622e+01 9.626136733520756650e+01 9.626136733520756650e+01 9.626136733520756650e+01 9.626136733520756650e+01 9.349983144856669526e+01 1.015187643346786359e+02 9.626136733520756650e+01 1.024594610637457635e+02
