3.587538036531633168e+00 1.062614471023356515e+02 1.062614471023356515e+02 1.006187684646400413e+02 1.062614471023356515e+02 1.006187684646400413e+02 1.062614471023356515e+02 1.006187684646400413e+02 1.062614471023356515e+02 1.062614471023356515e+02
1.062614471023356515e+02 1.008404834088176472e+02 8.006769278529355915e+01 9.744432550612809507e+01 7.587646236953690959e+01 8.292120523688986111e+01 7.776822408491892702e+01 9.744432550612809507e+01 9.583930166939040873e+01 7.776822408491892702e+01
1.062614471023356515e+02 8.006769278529355915e+01 1.008404834088176472e+02 8.827303845240184899e+01 7.587646236953690959e+01 8.888481438150110137e+01 8.373183322953016727e+01 8.827303845240184899e+01 9.583930166939040873e+01 8.373183322953016727e+01
1.006187684646400413e+02 9.744432550612809507e+01 8.827303845240184899e+01 1.062614471023356515e+02 1.035509652555766422e+02 7.915064790915933202e+01 1.035509652555766422e+02 6.175732250222070263e+01 1.035509652555766422e+02 1.035509652555766422e+02
1.062614471023356515e+02 7.587646236953690959e+01 7.587646236953690959e+01 1.035509652555766422e+02 7.729946458046902613e+00 7.858694421629591886e+01 7.099146375911303153e+01 1.035509652555766422e+02 9.083811992996317031e+01 7.099146375911303153e+01
1.006187684646400413e+02 8.292120523688986111e+01 8.888481438150110137e+01 7.915064790915933202e+01 7.858694421629591886e+01 1.062614471023356515e+02 7.823929355248731099e+01 7.915064790915933202e+01 9.854978351614940379e+01 7.719209549000451887e+01
1.062614471023356515e+02 7.776822408491892702e+01 8.373183322953016727e+01 1.035509652555766422e+02 7.099146375911303153e+01 7.823929355248731099e+01 9.107048618796987682e+01 1.035509652555766422e+02 7.097286707143798878e+01 5.066237710777588177e+01
1.006187684646400413e+02 9.744432550612809507e+01 8.827303845240184899e+01 6.175732250222070263e+01 1.035509652555766422e+02 7.915064790915933202e+01 1.035509652555766422e+02 1.062614471023356515e+02 1.035509652555766422e+02 1.035509652555766422e+02
1.062614471023356515e+02 9.583930166939040873e+01 9.583930166939042294e+01 1.035509652555766422e+02 9.083811992996317031e+01 9.854978351614940379e+01 7.097286707143798878e+01 1.035509652555766422e+02 9.107048618796987682e+01 6.941358152655739389e+01
1.062614471023356515e+02 7.776822408491892702e+01 8.373183322953016727e+01 1.035509652555766422e+02 7.099146375911303153e+01 7.719209549000451887e+01 5.066237710777588177e+01 1.035509652555766422e+02 6.941358152655740810e+01 9.107048618796987682e+01
