7.429103453043616412e+01 7.661287793668347490e+01 1.032114943373519225e+02 1.032114943373519225e+02 7.740735280225369763e+01 7.740735280225369763e+01 7.740735280225369763e+01 1.014500138434949150e+02 1.014500138434949150e+02 1.032114943373519225e+02
7.661287793668347490e+01 1.014500138434949150e+02 1.029416429704043594e+02 1.029416429704043594e+02 8.392724626357080808e+01 8.392724626357080808e+01 8.392724626357080808e+01 1.009103111095997747e+02 1.009103111095997747e+02 1.029416429704043594e+02
1.032114943373519083e+02 1.029416429704043452e+02 1.049729748312089157e+02 7.134225317787914378e+01 7.843144471684904317e+01 9.556994971171639008e+01 9.556994971171639008e+01 7.218999650153124037e+01 8.792840508608087191e+01 7.447951793859374447e+01
1.032114943373519083e+02 1.029416429704043452e+02 7.134225317787914378e+01 1.049729748312089157e+02 8.447741031494666686e+01 9.556994971171639008e+01 9.556994971171639008e+01 7.218999650153124037e+01 8.792840508608087191e+01 8.243479257464886700e+01
7.740735280225369763e+01 8.392724626357080808e+01 7.843144471684905739e+01 8.447741031494666686e+01 1.014500138434949150e+02 7.173267837596100094e+01 7.173267837596100094e+01 7.042851600767424713e+01 8.616692459222386447e+01 9.556994971171639008e+01
7.740735280225369763e+01 8.392724626357080808e+01 9.556994971171639008e+01 9.556994971171639008e+01 7.173267837596100094e+01 1.014500138434949150e+02 5.815649517304353822e+01 8.616692459222386447e+01 6.072514709727938964e+01 8.284906096424415978e+01
7.740735280225369763e+01 8.392724626357080808e+01 9.556994971171639008e+01 9.556994971171639008e+01 7.173267837596100094e+01 5.815649517304353822e+01 1.014500138434949150e+02 8.616692459222386447e+01 5.905198095702563421e+01 8.201247789411728206e+01
1.014500138434949150e+02 1.009103111095997747e+02 7.218999650153124037e+01 7.218999650153124037e+01 7.042851600767424713e+01 8.616692459222386447e+01 8.616692459222386447e+01 4.017380591926292510e+01 7.088383534095282812e+01 8.792840508608087191e+01
1.014500138434949150e+02 1.009103111095997747e+02 8.792840508608087191e+01 8.792840508608087191e+01 8.616692459222386447e+01 6.072514709727939675e+01 5.905198095702564132e+01 7.088383534095282812e+01 3.837230920174465432e+00 5.497169226510493445e+01
1.032114943373519083e+02 1.029416429704043452e+02 7.447951793859374447e+01 8.243479257464886700e+01 9.556994971171639008e+01 8.284906096424415978e+01 8.201247789411726785e+01 8.792840508608087191e+01 5.497169226510493445e+01 1.049729748312089157e+02
