5.465203386220379711e-01 9.552152306598449627e+01 1.051832263466323667e+02 8.585981978533661163e+01 1.051832263466323667e+02 9.552152306598448206e+01 6.546672135082746991e+01 1.051832263466323667e+02 1.051832263466323667e+02 1.051832263466323667e+02
9.552152306598448206e+01 1.051832263466323667e+02 7.803974079656065044e+01 6.393737085519043717e+01 1.026671927498682635e+02 9.669174605097556707e+01 7.921980109740773912e+01 8.411832496476378651e+01 8.279263593934962273e+01 8.279263593934963694e+01
1.051832263466323667e+02 7.803974079656065044e+01 1.001511591531041603e+02 1.051832263466323667e+02 9.374471337095484103e+01 9.946396985879360386e+01 8.279263593934963694e+01 5.814300254620479791e+01 7.707337945151087411e+01 7.707337945151087411e+01
8.585981978533661163e+01 6.393737085519043006e+01 1.051832263466323667e+02 2.413867390455394890e+00 1.051832263466323667e+02 9.071629935208287066e+01 9.552152306598448206e+01 1.051832263466323667e+02 1.051832263466323667e+02 1.051832263466323667e+02
1.051832263466323667e+02 1.026671927498682635e+02 9.374471337095484103e+01 1.051832263466323667e+02 2.790994574731262645e+01 6.272910295627021071e+01 1.026671927498682635e+02 9.374471337095484103e+01 6.260292188769091126e+01 8.196068710320570005e+01
9.552152306598449627e+01 9.669174605097556707e+01 9.946396985879360386e+01 9.071629935208287066e+01 6.272910295627021071e+01 1.051832263466323667e+02 9.909435790792636567e+01 9.946396985879360386e+01 8.317925883590289970e+01 9.357195672491903338e+01
6.546672135082746991e+01 7.921980109740775333e+01 8.279263593934962273e+01 9.552152306598449627e+01 1.026671927498682635e+02 9.909435790792636567e+01 1.051832263466323667e+02 8.411832496476378651e+01 8.055454774596272216e+01 8.055454774596272216e+01
1.051832263466323667e+02 8.411832496476378651e+01 5.814300254620479791e+01 1.051832263466323667e+02 9.374471337095484103e+01 9.946396985879360386e+01 8.411832496476378651e+01 1.001511591531041603e+02 7.839906847692502367e+01 7.839906847692502367e+01
1.051832263466323667e+02 8.279263593934962273e+01 7.707337945151087411e+01 1.051832263466323667e+02 6.260292188769091126e+01 8.317925883590289970e+01 8.055454774596273637e+01 7.839906847692502367e+01 1.001511591531041603e+02 6.615501812515304891e+01
1.051832263466323667e+02 8.279263593934962273e+01 7.707337945151085989e+01 1.051832263466323667e+02 8.196068710320570005e+01 9.357195672491903338e+01 8.055454774596272216e+01 7.839906847692502367e+01 6.615501812515304891e+01 1.001511591531041603e+02
