3.288717059197819204e+00 1.023224177759782521e+02 1.000997231062460315e+02 1.045451124457104868e+02 1.045451124457104868e+02 7.471178728194270491e+01 7.471178728194270491e+01 1.023224177759782521e+02 1.023224177759782521e+02 7.693448195167492543e+01
1.023224177759782663e+02 1.045451124457104868e+02 7.159886228036680222e+01 9.932269674612435040e+01 9.932269674612435040e+01 8.242379455372937969e+01 8.310997953079666445e+01 7.873632594202314294e+01 7.873632594202314294e+01 1.008225572610513012e+02
1.000997231062460315e+02 7.159886228036680222e+01 5.856389520890701306e+01 1.045451124457104868e+02 1.045451124457104868e+02 6.981714290966237968e+01 7.050332788672966444e+01 7.159886228036680222e+01 7.159886228036680222e+01 1.023224177759782663e+02
1.045451124457104868e+02 9.932269674612436461e+01 1.045451124457104868e+02 7.321576175495590633e+01 7.033606783834686382e+01 1.045451124457104868e+02 1.045451124457104868e+02 9.746179105102521589e+01 9.746179105102521589e+01 9.746179105102523010e+01
1.045451124457104868e+02 9.932269674612436461e+01 1.045451124457104868e+02 7.033606783834686382e+01 9.037846965633995922e+01 1.045451124457104868e+02 1.045451124457104868e+02 9.092806267128449349e+01 7.797130031293896479e+01 8.237595870978248058e+01
7.471178728194270491e+01 8.242379455372936548e+01 6.981714290966237968e+01 1.045451124457104868e+02 1.045451124457104868e+02 1.000997231062460315e+02 5.606848338633164985e+01 8.242379455372936548e+01 8.242379455372936548e+01 8.292012781493133389e+01
7.471178728194270491e+01 8.310997953079666445e+01 7.050332788672967865e+01 1.045451124457104868e+02 1.045451124457104868e+02 5.606848338633164985e+01 1.000997231062460315e+02 8.310997953079666445e+01 8.310997953079666445e+01 8.292012781493133389e+01
1.023224177759782663e+02 7.873632594202314294e+01 7.159886228036680222e+01 9.746179105102523010e+01 9.092806267128449349e+01 8.242379455372937969e+01 8.310997953079666445e+01 1.045451124457104868e+02 6.873546767589314754e+01 9.335837603376100446e+01
1.023224177759782663e+02 7.873632594202314294e+01 7.159886228036680222e+01 9.746179105102523010e+01 7.797130031293896479e+01 8.242379455372937969e+01 8.310997953079666445e+01 6.873546767589314754e+01 1.045451124457104868e+02 8.480627207225899156e+01
7.693448195167492543e+01 1.008225572610513012e+02 1.023224177759782521e+02 9.746179105102521589e+01 8.237595870978248058e+01 8.292012781493133389e+01 8.292012781493133389e+01 9.335837603376101868e+01 8.480627207225899156e+01 1.045451124457104868e+02
