1.022894481389118511e+02 9.967065367955240163e+01 8.060370402303027504e+01 9.146451619815398715e+01 1.011470646025585296e+02 9.836175039595649139e+01 1.016510454255155906e+02 8.767124034563785528e+01 1.011470646025585296e+02 8.898014362923375131e+01
9.967065367955240163e+01 1.022894481389118511e+02 8.430334549668563682e+01 8.427103533792868006e+01 1.021550262484726233e+02 8.675540790684891590e+01 8.675540790684891590e+01 9.967065367955240163e+01 1.021550262484726233e+02 9.138475418837623465e+01
8.060370402303028925e+01 8.430334549668563682e+01 9.208311408235249473e+01 8.898014362923375131e+01 1.022894481389118511e+02 1.022894481389118511e+02 1.022894481389118511e+02 8.898014362923375131e+01 1.022894481389118511e+02 7.807544967869814911e+01
9.146451619815398715e+01 8.427103533792868006e+01 8.898014362923375131e+01 1.022894481389118511e+02 1.021550262484726233e+02 8.009862444618910615e+01 8.009862444618910615e+01 8.008510095727022815e+01 1.021550262484726233e+02 7.834731399308996913e+01
1.011470646025585438e+02 1.021550262484726375e+02 1.022894481389118511e+02 1.021550262484726375e+02 8.313882366786857769e-01 1.010126427121193160e+02 7.001266017879544279e+01 1.011470646025585296e+02 3.058710835528095018e+01 1.022894481389118511e+02
9.836175039595650560e+01 8.675540790684891590e+01 1.022894481389118511e+02 8.009862444618910615e+01 1.010126427121193160e+02 1.020206043580334097e+02 7.603510520008487106e+01 7.866556835707397966e+01 1.010126427121193160e+02 1.022894481389118511e+02
1.016510454255155764e+02 8.675540790684891590e+01 1.022894481389118511e+02 8.009862444618909194e+01 7.001266017879544279e+01 7.603510520008487106e+01 1.020206043580334097e+02 1.016510454255155906e+02 7.102200756153915506e+01 1.022894481389118511e+02
8.767124034563786950e+01 9.967065367955240163e+01 8.898014362923375131e+01 8.008510095727021394e+01 1.011470646025585438e+02 7.866556835707397966e+01 1.016510454255155764e+02 1.022894481389118511e+02 1.011470646025585438e+02 7.834731399308996913e+01
1.011470646025585438e+02 1.021550262484726375e+02 1.022894481389118511e+02 1.021550262484726375e+02 3.058710835528095373e+01 1.010126427121193160e+02 7.102200756153915506e+01 1.011470646025585296e+02 4.204210553053231791e+01 1.022894481389118511e+02
8.898014362923375131e+01 9.138475418837623465e+01 7.807544967869814911e+01 7.834731399308996913e+01 1.022894481389118511e+02 1.022894481389118511e+02 1.022894481389118511e+02 7.834731399308996913e+01 1.022894481389118511e+02 9.208311408235249473e+01
