1.211278698638338813e+00 6.880631588279598532e+01 6.520343594385957431e+01 1.008732445956478188e+02 1.008332609517025134e+02 1.010615442544003884e+02 2.911704433062087460e+01 6.838225786782756188e+01 6.497515264116169931e+01 4.811667571468971261e+01
6.880631588279598532e+01 1.008332609517025134e+02 8.504807171994711723e+01 1.009673944250241107e+02 1.004972480915121764e+02 1.008935378243052128e+02 6.880631588279598532e+01 8.465178198715408087e+01 8.465178198715408087e+01 7.639054995401326664e+01
6.520343594385957431e+01 8.504807171994711723e+01 1.012898275570982634e+02 1.008145616458291016e+02 1.010615442544003884e+02 8.742856445632301643e+01 5.883424152391221895e+01 8.483604271246291262e+01 7.962896476920651878e+01 7.323081939121618689e+01
1.008732445956478188e+02 1.009673944250240964e+02 1.008145616458291016e+02 1.012898275570982634e+02 1.010615442544003884e+02 1.009087114752053793e+02 1.008732445956478188e+02 1.009673944250240964e+02 1.009673944250240964e+02 1.008732445956478188e+02
1.008332609517025134e+02 1.004972480915121764e+02 1.010615442544003884e+02 1.010615442544003884e+02 2.291019437662269098e+01 6.129171244745470659e+01 1.008332609517025134e+02 5.915528538142322645e+01 5.933369093199196698e+01 1.008332609517025134e+02
1.010615442544003884e+02 1.008935378243052270e+02 8.742856445632301643e+01 1.009087114752053793e+02 6.129171244745471370e+01 1.012898275570982634e+02 1.010615442544003884e+02 8.158077761063043454e+01 8.077247909122466751e+01 1.010615442544003884e+02
2.911704433062087460e+01 6.880631588279598532e+01 5.883424152391222606e+01 1.008732445956478188e+02 1.008332609517025134e+02 1.010615442544003884e+02 2.322731535190970220e+01 6.838225786782756188e+01 5.999919506656044632e+01 4.160380015445493029e+01
6.838225786782756188e+01 8.465178198715408087e+01 8.483604271246291262e+01 1.009673944250241107e+02 5.915528538142322645e+01 8.158077761063043454e+01 6.838225786782756188e+01 1.008332609517025134e+02 6.512699276599508380e+01 7.617852094652904782e+01
6.497515264116169931e+01 8.465178198715408087e+01 7.962896476920651878e+01 1.009673944250240964e+02 5.933369093199196698e+01 8.077247909122466751e+01 5.999919506656044632e+01 6.512699276599508380e+01 1.008332609517025134e+02 7.300253608851831189e+01
4.811667571468971261e+01 7.639054995401326664e+01 7.323081939121620110e+01 1.008732445956478188e+02 1.008332609517025134e+02 1.010615442544003884e+02 4.160380015445493029e+01 7.617852094652904782e+01 7.300253608851832610e+01 6.711630709875855416e+01
