5.774461527649106074e+01 9.979953897526155515e+01 7.460220253878627261e+01 6.669888368038110116e+01 9.951635835144797682e+01 9.782589887589315936e+01 1.031178420035515444e+02 7.491896348913962811e+01 1.005141734301892598e+02 9.854053333082083554e+01
9.979953897526155515e+01 1.007973540540028381e+02 9.979953897526155515e+01 1.001568562027254075e+02 9.876778032187525014e+01 9.841046309441141204e+01 1.032594323154583265e+02 1.001568562027254075e+02 7.851288807882752963e+01 1.001568562027254075e+02
7.460220253878627261e+01 9.979953897526155515e+01 9.685007385526603230e+01 8.606902665903483296e+01 9.951635835144797682e+01 8.288121663946189699e+01 1.031178420035515444e+02 8.876416868612710687e+01 1.005141734301892598e+02 8.712900637609375565e+01
6.669888368038110116e+01 1.001568562027254075e+02 8.606902665903483296e+01 1.002309928063756672e+02 8.512475532319662364e+01 9.902844584113441329e+01 8.836892174783633891e+01 7.486047816818933143e+01 8.576525317447405428e+01 7.538706606224577911e+01
9.951635835144796260e+01 9.876778032187525014e+01 9.951635835144796260e+01 8.512475532319662364e+01 1.002309928063756672e+02 9.208122456154302427e+01 8.174745163436419659e+01 7.850328520972448132e+01 7.937647135127173215e+01 8.512475532319663785e+01
9.782589887589315936e+01 9.841046309441139783e+01 8.288121663946189699e+01 9.902844584113441329e+01 9.208122456154302427e+01 9.880172389652027221e+01 1.031178420035515444e+02 9.902844584113441329e+01 1.005141734301892598e+02 8.761691888640731918e+01
1.031178420035515444e+02 1.032594323154583265e+02 1.031178420035515444e+02 8.836892174783635312e+01 8.174745163436419659e+01 1.031178420035515444e+02 1.060046912007274074e+02 7.853458863444051019e+01 8.212173023654081305e+01 8.836892174783635312e+01
7.491896348913962811e+01 1.001568562027253932e+02 8.876416868612710687e+01 7.486047816818933143e+01 7.850328520972446711e+01 9.902844584113441329e+01 7.853458863444051019e+01 1.002309928063756672e+02 7.937647135127173215e+01 8.463684281288306011e+01
1.005141734301892456e+02 7.851288807882752963e+01 1.005141734301892456e+02 8.576525317447406849e+01 7.937647135127173215e+01 1.005141734301892456e+02 8.212173023654081305e+01 7.937647135127173215e+01 1.007973540540028381e+02 8.576525317447406849e+01
9.854053333082084976e+01 1.001568562027253932e+02 8.712900637609375565e+01 7.538706606224577911e+01 8.512475532319662364e+01 8.761691888640731918e+01 8.836892174783633891e+01 8.463684281288306011e+01 8.576525317447405428e+01 1.002309928063756672e+02
