2.156628506724064565e+01 9.851746088474050111e+01 7.283513231200784332e+01 1.009626260306701795e+02 7.283513231200784332e+01 9.607229573881080853e+01 7.144343190646519304e+01 7.283513231200784332e+01 4.192423778226019948e+01 4.192423778226019948e+01
9.851746088474050111e+01 1.009626260306701795e+02 9.451008382402648067e+01 9.548883447564256244e+01 8.229152429311426431e+01 7.609135247080497777e+01 9.700314768019151757e+01 9.451008382402648067e+01 9.851746088474050111e+01 9.851746088474050111e+01
7.283513231200784332e+01 9.451008382402648067e+01 1.009626260306701795e+02 9.548883447564256244e+01 7.272201170561518779e+01 9.851746088474050111e+01 8.416198339382519578e+01 6.269663660449690923e+01 7.283513231200784332e+01 7.283513231200784332e+01
1.009626260306701795e+02 9.548883447564254823e+01 9.548883447564254823e+01 2.082146315090021460e+01 9.548883447564254823e+01 1.009626260306701795e+02 5.958775115843549486e+01 9.548883447564254823e+01 1.009626260306701795e+02 1.009626260306701795e+02
7.283513231200784332e+01 8.229152429311426431e+01 7.272201170561518779e+01 9.548883447564256244e+01 1.009626260306701795e+02 9.851746088474050111e+01 8.416198339382519578e+01 7.981728357781685190e+01 7.283513231200784332e+01 7.283513231200784332e+01
9.607229573881080853e+01 7.609135247080497777e+01 9.851746088474050111e+01 1.009626260306701795e+02 9.851746088474050111e+01 3.338274441335252618e+01 9.851746088474050111e+01 9.851746088474050111e+01 9.607229573881080853e+01 9.607229573881080853e+01
7.144343190646519304e+01 9.700314768019151757e+01 8.416198339382519578e+01 5.958775115843548775e+01 8.416198339382519578e+01 9.851746088474050111e+01 1.009626260306701795e+02 8.416198339382519578e+01 5.227485640321540927e+01 5.369937258893028798e+01
7.283513231200784332e+01 9.451008382402648067e+01 6.269663660449690923e+01 9.548883447564256244e+01 7.981728357781685190e+01 9.851746088474050111e+01 8.416198339382519578e+01 1.009626260306701795e+02 7.283513231200784332e+01 7.283513231200784332e+01
4.192423778226019948e+01 9.851746088474050111e+01 7.283513231200784332e+01 1.009626260306701795e+02 7.283513231200784332e+01 9.607229573881080853e+01 5.227485640321541638e+01 7.283513231200784332e+01 5.580547022042317451e+00 7.430017283497557301e+00
4.192423778226019948e+01 9.851746088474050111e+01 7.283513231200784332e+01 1.009626260306701795e+02 7.283513231200784332e+01 9.607229573881080853e+01 5.369937258893028798e+01 7.283513231200784332e+01 7.430017283497557301e+00 1.126728381756711705e+01
