1.005016167276345271e+02 6.512120928453909130e+01 7.511798838200930106e+01 5.810456871472886320e+01 1.028723347228346228e+02 7.511798838200930106e+01 8.899516155242196191e+01 1.014897692557538278e+02 9.430683472032458781e+01 1.001072037886730186e+02
6.512120928453909130e+01 1.991769583959857592e-01 1.005016167276345271e+02 1.005016167276345271e+02 1.028723347228346228e+02 1.005016167276345271e+02 1.016869757252345750e+02 1.016869757252345750e+02 8.692669371541460066e+01 1.005016167276345271e+02
7.511798838200930106e+01 1.005016167276345271e+02 1.031559226477629210e+00 4.973436003638408209e+01 1.028723347228346228e+02 2.559771748576104144e+01 6.423502610429783033e+01 1.012925627862730664e+02 1.016869757252345750e+02 9.971279084971151008e+01
5.810456871472885609e+01 1.005016167276345271e+02 4.973436003638408209e+01 5.167925847563961117e-01 1.028723347228346228e+02 4.973436003638408209e+01 7.630334737960934888e+01 1.012925627862730664e+02 1.016869757252345750e+02 9.971279084971151008e+01
1.028723347228346228e+02 1.028723347228346228e+02 1.028723347228346228e+02 1.028723347228346228e+02 1.010262018825249015e+02 1.028723347228346228e+02 7.930884674324329353e+01 8.940884971413595395e+01 7.930884674324329353e+01 1.028723347228346228e+02
7.511798838200930106e+01 1.005016167276345271e+02 2.559771748576104144e+01 4.973436003638408209e+01 1.028723347228346228e+02 2.005699425766643174e+00 5.195595817752659684e+01 1.012925627862730664e+02 1.016869757252345750e+02 9.971279084971151008e+01
8.899516155242196191e+01 1.016869757252345750e+02 6.423502610429783033e+01 7.630334737960934888e+01 7.930884674324329353e+01 5.195595817752660395e+01 1.028723347228346228e+02 1.016209155444764178e+02 7.722615077937257411e+01 1.012925627862730664e+02
1.014897692557538278e+02 1.016869757252345750e+02 1.012925627862730664e+02 1.012925627862730664e+02 8.940884971413595395e+01 1.012925627862730664e+02 1.016209155444764178e+02 1.028723347228346228e+02 1.018181220139571792e+02 7.516394299921064714e+01
9.430683472032458781e+01 8.692669371541460066e+01 1.016869757252345750e+02 1.016869757252345750e+02 7.930884674324329353e+01 1.016869757252345750e+02 7.722615077937257411e+01 1.018181220139571650e+02 1.028723347228346228e+02 1.016869757252345750e+02
1.001072037886730186e+02 1.005016167276345271e+02 9.971279084971151008e+01 9.971279084971151008e+01 1.028723347228346228e+02 9.971279084971151008e+01 1.012925627862730664e+02 7.516394299921064714e+01 1.016869757252345750e+02 9.356099966164404691e+01
