1.000613288951116857e+02 1.024553042331124004e+02 1.028953751294021686e+02 1.052946930886562313e+02 7.873955696734996934e+01 9.201712502800309323e+01 8.287837397731516376e+01 1.038749986608843301e+02 6.359270476522747373e+01 1.052946930886562313e+02
1.024553042331124004e+02 1.786786131017981560e+01 1.038749986608843301e+02 1.052946930886562313e+02 1.024553042331124004e+02 1.038749986608843159e+02 1.038749986608843159e+02 7.161052820600284008e+01 1.024553042331124004e+02 1.052946930886562313e+02
1.028953751294021828e+02 1.038749986608843159e+02 1.052946930886562313e+02 8.680749824711848817e+01 1.028953751294021828e+02 8.750213122447433989e+01 8.673450150340154607e+01 9.775204187463120320e+01 1.028953751294021828e+02 7.210888731954651121e+01
1.052946930886562313e+02 1.052946930886562313e+02 8.680749824711848817e+01 1.007880441450158457e+02 1.052946930886562313e+02 8.757512796819128198e+01 7.995515508286996464e+01 9.733522685260706453e+01 1.052946930886562313e+02 6.985556284772633262e+01
7.873955696734996934e+01 1.024553042331124004e+02 1.028953751294021686e+02 1.052946930886562313e+02 1.412078363299826655e+01 5.995716568258483647e+01 8.135623906412223505e+01 1.038749986608843301e+02 7.873955696734996934e+01 1.052946930886562313e+02
9.201712502800309323e+01 1.038749986608843301e+02 8.750213122447433989e+01 8.757512796819128198e+01 5.995716568258483647e+01 1.052946930886562313e+02 7.673256319183437313e+01 9.775204187463120320e+01 9.201712502800309323e+01 5.922223275484466143e+01
8.287837397731516376e+01 1.038749986608843301e+02 8.673450150340156029e+01 7.995515508286995043e+01 8.135623906412223505e+01 7.673256319183437313e+01 1.052946930886562313e+02 9.775204187463120320e+01 8.287837397731516376e+01 7.210888731954651121e+01
1.038749986608843159e+02 7.161052820600284008e+01 9.775204187463120320e+01 9.733522685260707874e+01 1.038749986608843159e+02 9.775204187463121741e+01 9.775204187463121741e+01 1.052946930886562313e+02 1.038749986608843159e+02 9.162908508837810473e+01
6.359270476522747373e+01 1.024553042331124004e+02 1.028953751294021686e+02 1.052946930886562313e+02 7.873955696734996934e+01 9.201712502800309323e+01 8.287837397731516376e+01 1.038749986608843301e+02 1.000613288951116857e+02 1.052946930886562313e+02
1.052946930886562313e+02 1.052946930886562313e+02 7.210888731954651121e+01 6.985556284772633262e+01 1.052946930886562313e+02 5.922223275484466143e+01 7.210888731954651121e+01 9.162908508837810473e+01 1.052946930886562313e+02 2.472382146587032281e+01
