4.335136389995336970e+01 1.014183392091038485e+02 7.073205612101999407e+01 6.962985975011743278e+01 1.014183392091038627e+02 9.072233634251743695e+01 1.006213027139145453e+02 1.006213027139145453e+02 6.680275025082985962e+01 1.006213027139145453e+02
1.014183392091038627e+02 1.022153757042931659e+02 8.203638270166352697e+01 1.014183392091038627e+02 7.749255491833393705e+01 9.541995327541511074e+01 7.930007027401259734e+01 8.942156734172635879e+01 8.708044921806606453e+01 9.087612549208552082e+01
7.073205612101997986e+01 8.203638270166352697e+01 1.022153757042931659e+02 7.915196102946234191e+01 7.948073344997786194e+01 9.646885602340529431e+01 1.014183392091038627e+02 1.014183392091038627e+02 8.504954082451027375e+01 1.014183392091038627e+02
6.962985975011743278e+01 1.014183392091038485e+02 7.915196102946234191e+01 1.000109829624880575e+02 1.014183392091038627e+02 9.551923959035937628e+01 1.006213027139145453e+02 1.006213027139145453e+02 8.409992439146434151e+01 1.006213027139145453e+02
1.014183392091038485e+02 7.749255491833393705e+01 7.948073344997787615e+01 1.014183392091038485e+02 1.022153757042931659e+02 9.687451142577425856e+01 9.233068364244466864e+01 9.233068364244466864e+01 9.687451142577425856e+01 7.798896260433660643e+01
9.072233634251743695e+01 9.541995327541511074e+01 9.646885602340530852e+01 9.551923959035936207e+01 9.687451142577427277e+01 1.006213027139145453e+02 8.862453084653705560e+01 6.328829344850779393e+01 8.967343359452723917e+01 7.741097029788157613e+01
1.006213027139145453e+02 7.930007027401259734e+01 1.014183392091038485e+02 1.006213027139145453e+02 9.233068364244468285e+01 8.862453084653705560e+01 6.949978693770070493e+01 7.662775897915955170e+01 7.159652355479347818e+01 7.953687527987787576e+01
1.006213027139145453e+02 8.942156734172635879e+01 1.014183392091038485e+02 1.006213027139145453e+02 9.233068364244468285e+01 6.328829344850778682e+01 7.662775897915955170e+01 1.378284702345494672e+01 8.862453084653705560e+01 4.478032160870506573e+01
6.680275025082985962e+01 8.708044921806606453e+01 8.504954082451027375e+01 8.409992439146434151e+01 9.687451142577427277e+01 8.967343359452723917e+01 7.159652355479349239e+01 8.862453084653705560e+01 1.006213027139145453e+02 9.007908899689620341e+01
1.006213027139145453e+02 9.087612549208550661e+01 1.014183392091038485e+02 1.006213027139145453e+02 7.798896260433660643e+01 7.741097029788157613e+01 7.953687527987787576e+01 4.478032160870506573e+01 9.007908899689620341e+01 8.244599158059618560e+01
