1.399921775386301626e+01 9.311720532514588911e+01 1.007879810769896238e+02 5.565092365819494802e+01 1.007879810769896238e+02 9.695259320106775647e+01 9.695259320106775647e+01 9.695259320106775647e+01 5.565092365819494091e+01 1.007879810769896238e+02
9.311720532514588911e+01 3.980319219118160223e+00 1.007879810769896238e+02 9.695259320106775647e+01 1.007879810769896238e+02 9.038407064569192073e+01 9.038407064569192073e+01 9.038407064569192073e+01 9.695259320106775647e+01 1.007879810769896238e+02
1.007879810769896238e+02 1.007879810769896238e+02 5.754577601362866801e+01 1.007692131612859328e+02 6.976896518365863642e+01 1.007692131612859328e+02 7.144053439178149745e+01 7.144053439178149745e+01 7.375261369977560832e+01 1.007504452455822275e+02
5.565092365819494802e+01 9.695259320106775647e+01 1.007692131612859328e+02 1.007879810769896238e+02 1.007692131612859328e+02 9.032983136198113527e+01 9.886090318117685172e+01 9.886090318117685172e+01 7.686735485919982125e+01 7.637134532131405251e+01
1.007879810769896238e+02 1.007879810769896238e+02 6.976896518365863642e+01 1.007692131612859328e+02 9.282068404475566581e+01 1.007692131612859328e+02 8.798560555309089182e+01 8.798560555309089182e+01 7.915656163508785426e+01 1.007504452455822275e+02
9.695259320106775647e+01 9.038407064569192073e+01 1.007692131612859328e+02 9.032983136198112106e+01 1.007692131612859328e+02 1.007879810769896238e+02 8.301280272154312456e+01 8.943487130448006894e+01 9.886090318117685172e+01 8.122000000697774169e+01
9.695259320106775647e+01 9.038407064569192073e+01 7.144053439178149745e+01 9.886090318117683751e+01 8.798560555309089182e+01 8.301280272154312456e+01 1.007879810769896238e+02 6.453764331022743761e+01 8.805973587318845830e+01 1.007692131612859328e+02
9.695259320106775647e+01 9.038407064569192073e+01 7.144053439178149745e+01 9.886090318117685172e+01 8.798560555309089182e+01 8.943487130448006894e+01 6.453764331022742340e+01 1.007879810769896238e+02 8.805973587318845830e+01 1.007692131612859328e+02
5.565092365819494091e+01 9.695259320106775647e+01 7.375261369977560832e+01 7.686735485919982125e+01 7.915656163508785426e+01 9.886090318117685172e+01 8.805973587318845830e+01 8.805973587318844409e+01 1.007879810769896238e+02 1.007692131612859328e+02
1.007879810769896238e+02 1.007879810769896238e+02 1.007504452455822275e+02 7.637134532131406672e+01 1.007504452455822275e+02 8.122000000697774169e+01 1.007692131612859328e+02 1.007692131612859328e+02 1.007692131612859328e+02 6.662615796879937591e+01
