1.042936642969526559e+02 8.506156335418430103e+01 1.022316494574914145e+02 1.022299936848644393e+02 1.022316494574914145e+02 1.023950633467955385e+02 1.023950633467955385e+02 1.022299936848644393e+02 1.022316494574914145e+02 1.022299936848644393e+02
8.506156335418430103e+01 1.042936642969526559e+02 9.324695326239307747e+01 9.227450482673637566e+01 8.778215672918720713e+01 9.790271524924636992e+01 9.790271524924636992e+01 9.773930135994226021e+01 9.324695326239307747e+01 9.227450482673637566e+01
1.022316494574914145e+02 9.324695326239307747e+01 4.670457448559889713e+01 9.118493842293183604e+01 5.563195793626871932e+01 6.415622531778791426e+01 7.267406412998971632e+01 7.547330543786728185e+01 3.669618519439895721e+01 9.118493842293185025e+01
1.022299936848644393e+02 9.227450482673637566e+01 9.118493842293185025e+01 1.001696346180301589e+02 7.490569025886561860e+01 9.773930135994224599e+01 9.773930135994224599e+01 8.197938588432199936e+01 9.118493842293185025e+01 6.345779740367878929e+01
1.022316494574914145e+02 8.778215672918722134e+01 5.563195793626871932e+01 7.490569025886560439e+01 8.220024222783351320e+01 7.555258590638695182e+01 8.154798106554837034e+01 8.332912193039956605e+01 6.445240835671620516e+01 7.490569025886560439e+01
1.023950633467955385e+02 9.790271524924636992e+01 6.415622531778791426e+01 9.773930135994224599e+01 7.555258590638695182e+01 1.042936642969526559e+02 8.017026160254579281e+01 8.988348486740997600e+01 7.549911939127576943e+01 9.773930135994226021e+01
1.023950633467955385e+02 9.790271524924636992e+01 7.267406412998971632e+01 9.773930135994224599e+01 8.154798106554835613e+01 8.017026160254579281e+01 1.042936642969526559e+02 8.988348486740997600e+01 7.549911939127576943e+01 9.773930135994226021e+01
1.022299936848644393e+02 9.773930135994226021e+01 7.547330543786728185e+01 8.197938588432199936e+01 8.332912193039956605e+01 8.988348486740997600e+01 8.988348486740997600e+01 1.001696346180301589e+02 7.547330543786728185e+01 7.229650415470459279e+01
1.022316494574914145e+02 9.324695326239307747e+01 3.669618519439895721e+01 9.118493842293183604e+01 6.445240835671620516e+01 7.549911939127576943e+01 7.549911939127576943e+01 7.547330543786728185e+01 4.624197287069065077e-01 9.118493842293185025e+01
1.022299936848644393e+02 9.227450482673637566e+01 9.118493842293183604e+01 6.345779740367878929e+01 7.490569025886560439e+01 9.773930135994226021e+01 9.773930135994226021e+01 7.229650415470459279e+01 9.118493842293183604e+01 1.001696346180301589e+02
