1.459262938862825898e+01 6.300939924998711206e+01 1.019922347877178055e+02 9.774769262060554809e+01 1.019922347877178055e+02 1.019922347877178055e+02 1.019922347877178055e+02 9.774769262060554809e+01 6.300939924998711206e+01 1.019922347877178055e+02
6.300939924998711916e+01 1.019922347877178055e+02 8.209640343186997313e+01 9.246812613264890501e+01 1.013051138356556891e+02 9.303860979336286618e+01 1.013051138356556891e+02 9.952640322813061857e+01 7.123699989032529345e+01 8.477210575107004331e+01
1.019922347877178055e+02 8.209640343186997313e+01 1.006179928835935726e+02 9.424683674017397550e+01 7.047111560138431230e+01 9.222128627397907508e+01 8.378398063965178721e+01 8.109420957488558201e+01 9.303860979336286618e+01 8.408498479900792688e+01
9.774769262060554809e+01 9.246812613264891922e+01 9.424683674017398971e+01 1.019922347877178055e+02 1.013051138356556891e+02 9.424683674017397550e+01 1.013051138356556891e+02 7.762299371154934136e+01 9.246812613264891922e+01 8.718855964469227615e+01
1.019922347877178055e+02 1.013051138356556891e+02 7.047111560138431230e+01 1.013051138356556891e+02 1.308403341273466225e+01 1.003575877489502375e+02 7.021071046674097715e+01 7.115823655344642873e+01 1.013051138356556891e+02 1.006179928835935726e+02
1.019922347877178055e+02 9.303860979336286618e+01 9.222128627397907508e+01 9.424683674017397550e+01 1.003575877489502233e+02 1.006179928835935726e+02 7.604494630235252828e+01 1.011749112683340144e+02 8.467174281175761053e+01 6.735125083579740135e+01
1.019922347877178055e+02 1.013051138356556891e+02 8.378398063965180143e+01 1.013051138356556891e+02 7.021071046674097715e+01 7.604494630235254249e+01 1.000971826143068881e+02 8.447110159171391786e+01 1.013051138356556891e+02 1.006179928835935726e+02
9.774769262060554809e+01 9.952640322813061857e+01 8.109420957488558201e+01 7.762299371154934136e+01 7.115823655344642873e+01 1.011749112683340144e+02 8.447110159171391786e+01 1.019922347877178055e+02 9.952640322813061857e+01 1.013051138356556891e+02
6.300939924998711916e+01 7.123699989032529345e+01 9.303860979336286618e+01 9.246812613264890501e+01 1.013051138356556891e+02 8.467174281175759631e+01 1.013051138356556891e+02 9.952640322813061857e+01 1.019922347877178055e+02 6.641093577395173497e+01
1.019922347877178055e+02 8.477210575107004331e+01 8.408498479900792688e+01 8.718855964469227615e+01 1.006179928835935726e+02 6.735125083579740135e+01 1.006179928835935726e+02 1.013051138356556891e+02 6.641093577395173497e+01 3.527312343397236205e+00
