3.309038598297353140e+00 9.718466436046034573e+01 6.351623324169079154e+01 7.589613099638467020e+01 9.823130626330656412e+01 9.194545557989036411e+01 9.299209748273659670e+01 9.466479009913155096e+01 9.718466436046034573e+01 8.775288870216661508e+01
9.718466436046034573e+01 9.823130626330656412e+01 9.938067792827843050e+01 9.718466436046034573e+01 6.480309700373591397e+01 8.614405114295668398e+01 8.580158335286589022e+01 9.938067792827841629e+01 7.423606281367604254e+01 9.718466436046034573e+01
6.351623324169079865e+01 9.938067792827841629e+01 1.015766914960965011e+02 8.873641124624057852e+01 9.990399887970153259e+01 9.676107353799343969e+01 9.728439448941654177e+01 8.093040336586180672e+01 9.938067792827841629e+01 9.466479009913155096e+01
7.589613099638467020e+01 9.718466436046034573e+01 8.873641124624057852e+01 8.775288870216661508e+01 9.823130626330656412e+01 7.780396546527148871e+01 7.885060736811772131e+01 8.052329998451267556e+01 9.718466436046034573e+01 5.946990847292886428e+01
9.823130626330656412e+01 6.480309700373591397e+01 9.990399887970153259e+01 9.823130626330656412e+01 4.850606914049156870e+01 9.823130626330656412e+01 7.441850234527140628e+01 9.990399887970153259e+01 6.703052456034473039e+01 9.823130626330656412e+01
9.194545557989036411e+01 8.614405114295666976e+01 9.676107353799343969e+01 7.780396546527148871e+01 9.823130626330656412e+01 9.613802245761412735e+01 7.581422237989960422e+01 7.748691499629455848e+01 8.056800906616463465e+01 5.339713849649262301e+01
9.299209748273659670e+01 8.580158335286589022e+01 9.728439448941654177e+01 7.885060736811772131e+01 7.441850234527140628e+01 7.581422237989959001e+01 9.823130626330656412e+01 7.691880804573924024e+01 8.580158335286589022e+01 5.226092459538197943e+01
9.466479009913155096e+01 9.938067792827841629e+01 8.093040336586180672e+01 8.052329998451267556e+01 9.990399887970153259e+01 7.748691499629455848e+01 7.691880804573924024e+01 1.015766914960965011e+02 9.938067792827841629e+01 5.187630722761070245e+01
9.718466436046034573e+01 7.423606281367604254e+01 9.938067792827843050e+01 9.718466436046034573e+01 6.703052456034473039e+01 8.056800906616463465e+01 8.580158335286589022e+01 9.938067792827841629e+01 9.823130626330656412e+01 9.718466436046034573e+01
8.775288870216661508e+01 9.718466436046034573e+01 9.466479009913155096e+01 5.946990847292886428e+01 9.823130626330656412e+01 5.339713849649262301e+01 5.226092459538197232e+01 5.187630722761070956e+01 9.718466436046034573e+01 8.731478583820406758e-01
