1.034093878540791280e+02 8.829967717805448046e+01 9.166896672993766515e+01 8.753600139621339338e+01 1.038741698707766830e+02 9.209048312424758365e+01 1.014990026260929170e+02 1.026865862484347929e+02 8.851647724402798190e+01 1.031104940889355959e+02
8.829967717805449468e+01 1.038741698707766830e+02 9.189379825559035453e+01 8.456948859686326614e+01 6.495866233627866393e+01 9.285415890608868494e+01 1.017313936344416874e+02 8.804695088183447638e+01 8.900214349582759610e+01 9.409591232824865870e+01
9.166896672993766515e+01 9.189379825559035453e+01 1.038741698707766830e+02 1.031104940889355959e+02 8.014581764875278225e+01 1.031104940889355959e+02 1.036417788624279126e+02 9.189379825559034032e+01 7.992098612310010708e+01 9.356462755475634197e+01
8.753600139621339338e+01 8.456948859686326614e+01 1.031104940889355817e+02 1.034093878540791280e+02 1.038741698707766830e+02 7.564004284444861526e+01 1.014990026260929170e+02 1.026865862484348071e+02 1.031104940889355817e+02 8.136318171097602203e+01
1.038741698707766830e+02 6.495866233627866393e+01 8.014581764875278225e+01 1.038741698707766830e+02 4.686656695764836655e+01 1.038741698707766830e+02 1.038741698707766830e+02 7.486643827171988619e+01 7.486643827171990040e+01 8.455004579406940479e+01
9.209048312424759786e+01 9.285415890608868494e+01 1.031104940889355817e+02 7.564004284444861526e+01 1.038741698707766830e+02 1.034093878540791280e+02 1.014990026260929170e+02 1.026865862484348071e+02 1.031104940889355817e+02 8.666005380913661327e+01
1.014990026260929170e+02 1.017313936344417016e+02 1.036417788624279126e+02 1.014990026260929170e+02 1.038741698707766830e+02 1.014990026260929170e+02 6.196519323968050941e+01 6.994340860855369613e+01 1.036417788624279126e+02 1.036417788624279126e+02
1.026865862484347929e+02 8.804695088183447638e+01 9.189379825559034032e+01 1.026865862484347929e+02 7.486643827171990040e+01 1.026865862484347929e+02 6.994340860855371034e+01 1.038741698707766830e+02 8.038538914303640581e+01 9.409591232824865870e+01
8.851647724402799611e+01 8.900214349582759610e+01 7.992098612310010708e+01 1.031104940889355959e+02 7.486643827171988619e+01 1.031104940889355959e+02 1.036417788624279126e+02 8.038538914303640581e+01 1.038741698707766830e+02 9.356462755475634197e+01
1.031104940889355817e+02 9.409591232824865870e+01 9.356462755475634197e+01 8.136318171097602203e+01 8.455004579406941900e+01 8.666005380913659906e+01 1.036417788624279126e+02 9.409591232824865870e+01 9.356462755475634197e+01 1.038741698707766830e+02
