9.194732343995291046e+01 8.202430916370849445e+01 9.385216956924233500e+01 8.738302022839582150e+01 8.092517459870309438e+01 1.008866020371327039e+02 9.303567656775885553e+01 6.852661309082338903e+01 8.877610006807694276e+01 1.008866020371327039e+02
8.202430916370849445e+01 9.194732343995291046e+01 9.140473956775905151e+01 8.248816022542922610e+01 6.879944674456619680e+01 1.008866020371327039e+02 9.413481113276426981e+01 8.738302022839582150e+01 8.098414738934710044e+01 1.008866020371327039e+02
9.385216956924233500e+01 9.140473956775905151e+01 1.003213189100888627e+02 5.934815167077610454e+01 9.385216956924234921e+01 1.008866020371327039e+02 9.622831000029825077e+01 9.157001796346381184e+01 9.851046160607680235e+01 1.008866020371327039e+02
8.738302022839582150e+01 8.248816022542922610e+01 5.934815167077610454e+01 3.313303078937647683e+01 8.738302022839582150e+01 1.008866020371327039e+02 9.185265952698571823e+01 8.281871701683874676e+01 9.641696273854280719e+01 1.008866020371327039e+02
8.092517459870308016e+01 6.879944674456619680e+01 9.385216956924234921e+01 8.738302022839582150e+01 9.194732343995291046e+01 1.008866020371327039e+02 7.475946746916420693e+01 7.440773750247453222e+01 8.098414738934710044e+01 1.008866020371327039e+02
1.008866020371327039e+02 1.008866020371327039e+02 1.008866020371327039e+02 1.008866020371327039e+02 1.008866020371327039e+02 3.079328821082013334e+00 6.038116472469317841e+01 1.008866020371327039e+02 1.004904927863771036e+02 1.000943835356215175e+02
9.303567656775885553e+01 9.413481113276426981e+01 9.622831000029825077e+01 9.185265952698573244e+01 7.475946746916420693e+01 6.038116472469317131e+01 1.008866020371327039e+02 7.887737680106442895e+01 9.845372776245994828e+01 1.004904927863771036e+02
6.852661309082338903e+01 8.738302022839582150e+01 9.157001796346381184e+01 8.281871701683874676e+01 7.440773750247453222e+01 1.008866020371327039e+02 7.887737680106442895e+01 7.842217875681710382e+01 9.641696273854280719e+01 1.008866020371327039e+02
8.877610006807692855e+01 8.098414738934710044e+01 9.851046160607680235e+01 9.641696273854280719e+01 8.098414738934710044e+01 1.004904927863771178e+02 9.845372776245996249e+01 9.641696273854280719e+01 1.008866020371327039e+02 6.104370379647953371e+01
1.008866020371327039e+02 1.008866020371327039e+02 1.008866020371327039e+02 1.008866020371327039e+02 1.008866020371327039e+02 1.000943835356215175e+02 1.004904927863771178e+02 1.008866020371327039e+02 6.104370379647952660e+01 2.042232542391685612e+00
