2.707329450087327416e+01 9.100000869214726151e+01 7.654444376071771217e+01 9.100000869214726151e+01 9.594189900834453510e+01 9.100000869214726151e+01 9.553813814887507760e+01 9.100000869214726151e+01 9.594189900834453510e+01 9.100000869214726151e+01
9.100000869214726151e+01 8.944176765134736229e+01 8.875845279434281565e+01 7.500936954209828400e+01 8.219281575610000345e+01 6.350184218765819821e+01 8.178905489663054595e+01 8.054692119835112862e+01 9.071535526144646155e+01 8.054692119835112862e+01
7.654444376071771217e+01 8.875845279434281565e+01 9.100000869214726151e+01 6.803621852796553071e+01 9.408990337074007471e+01 8.729601741693832651e+01 9.368614251127061721e+01 9.022088817174730480e+01 9.555233874814456385e+01 9.022088817174730480e+01
9.100000869214726151e+01 7.500936954209828400e+01 6.803621852796553071e+01 8.359202614172939150e+01 7.267806315505657722e+01 5.263784107723240169e+01 7.227430229558711972e+01 8.944176765134736229e+01 9.516277848794459260e+01 8.944176765134736229e+01
9.594189900834453510e+01 8.219281575610000345e+01 9.408990337074007471e+01 7.267806315505659143e+01 1.008837893245418229e+02 6.128372266863861029e+01 7.574679469065915782e+01 9.516277848794459260e+01 7.578434855298004891e+01 9.516277848794459260e+01
9.100000869214726151e+01 6.350184218765819821e+01 8.729601741693832651e+01 5.263784107723239458e+01 6.128372266863861029e+01 2.227922864529486091e+01 6.087996180916915279e+01 8.944176765134736229e+01 9.516277848794459260e+01 8.944176765134736229e+01
9.553813814887507760e+01 8.178905489663054595e+01 9.368614251127061721e+01 7.227430229558713393e+01 7.574679469065915782e+01 6.087996180916915279e+01 1.000762676056029079e+02 9.475901762847513510e+01 9.782140347650849321e+01 9.475901762847513510e+01
9.100000869214726151e+01 8.054692119835112862e+01 9.022088817174730480e+01 8.944176765134736229e+01 9.516277848794459260e+01 8.944176765134736229e+01 9.475901762847513510e+01 1.684392982114864523e+01 7.076777301088566219e+01 2.711002580387186001e+01
9.594189900834453510e+01 9.071535526144646155e+01 9.555233874814456385e+01 9.516277848794459260e+01 7.578434855298003470e+01 9.516277848794459260e+01 9.782140347650846479e+01 7.076777301088566219e+01 1.008837893245418229e+02 6.297983179102451601e+01
9.100000869214726151e+01 8.054692119835112862e+01 9.022088817174730480e+01 8.944176765134736229e+01 9.516277848794459260e+01 8.944176765134736229e+01 9.475901762847513510e+01 2.711002580387186001e+01 6.297983179102451601e+01 4.065175669722948726e+01
