1.002552072026689132e+02 7.488130007096893337e+01 7.795361842851740164e+01 7.795361842851740164e+01 7.431844662361865517e+01 8.124436060214567590e+01 8.113514869410576580e+01 6.944797676434956202e+01 7.706258405116932408e+01 8.509467448109690224e+01
7.488130007096893337e+01 5.313966865878119034e-02 4.852068419821493706e+01 5.006200304471198592e+01 1.002552072026689132e+02 1.002552072026689132e+02 8.102593678606585570e+01 7.488130007096893337e+01 7.488130007096893337e+01 6.993414175952490552e+01
7.795361842851738743e+01 4.852068419821494416e+01 6.179666636946281244e+01 4.756617917984752353e+01 1.002552072026689132e+02 1.002552072026689132e+02 7.266278125882600136e+01 7.795361842851740164e+01 7.795361842851738743e+01 6.157098623228503698e+01
7.795361842851738743e+01 5.006200304471197882e+01 4.756617917984752353e+01 6.179666636946281244e+01 1.002552072026689132e+02 1.002552072026689132e+02 6.991736650228745020e+01 7.795361842851740164e+01 7.795361842851738743e+01 5.882557147574650003e+01
7.431844662361865517e+01 1.002552072026689132e+02 1.002552072026689132e+02 1.002552072026689132e+02 4.985387582102231363e+01 6.223351400162244573e+01 8.124436060214567590e+01 6.541876279716966280e+01 8.124436060214567590e+01 1.002552072026689132e+02
8.124436060214567590e+01 1.002552072026689132e+02 1.002552072026689132e+02 1.002552072026689132e+02 6.223351400162244573e+01 1.243189769686398050e+00 6.753461992646280976e+01 8.124436060214567590e+01 5.957067846500179087e+01 1.002552072026689132e+02
8.113514869410576580e+01 8.102593678606586991e+01 7.266278125882598715e+01 6.991736650228745020e+01 8.124436060214567590e+01 6.753461992646280976e+01 1.002552072026689132e+02 8.113514869410576580e+01 7.428027835626433273e+01 7.214361928495668508e+01
6.944797676434956202e+01 7.488130007096893337e+01 7.795361842851740164e+01 7.795361842851740164e+01 6.541876279716966280e+01 8.124436060214567590e+01 8.113514869410576580e+01 1.002552072026689132e+02 7.706258405116933830e+01 8.509467448109691645e+01
7.706258405116932408e+01 7.488130007096893337e+01 7.795361842851740164e+01 7.795361842851740164e+01 8.124436060214567590e+01 5.957067846500179087e+01 7.428027835626433273e+01 7.706258405116932408e+01 1.002552072026689132e+02 8.509467448109690224e+01
8.509467448109691645e+01 6.993414175952490552e+01 6.157098623228504408e+01 5.882557147574650003e+01 1.002552072026689132e+02 1.002552072026689132e+02 7.214361928495667087e+01 8.509467448109690224e+01 8.509467448109691645e+01 7.807161714958699861e+01
