1.004518259959799735e+02 7.894113033420066472e+01 7.057853654905323992e+01 8.669697844889630289e+01 9.837292377530535248e+01 8.185223975646744066e+01 8.940829150717574691e+01 8.940829150717574691e+01 8.122954945199901999e+01 9.253495111210082769e+01
7.894113033420066472e+01 7.294213090181263226e+01 6.904044975478585400e+01 5.417352035275204258e+01 1.004518259959799735e+02 6.809739220938375581e+01 8.357031884397122212e+01 8.357031884397122212e+01 6.747470190491534936e+01 7.773625506790344275e+01
7.057853654905323992e+01 6.904044975478583979e+01 1.004518259959799735e+02 6.792836789983570611e+01 9.837292377530535248e+01 8.669697844889630289e+01 9.253495111210082769e+01 9.253495111210082769e+01 8.669697844889630289e+01 8.357422773110796754e+01
8.669697844889630289e+01 5.417352035275203548e+01 6.792836789983570611e+01 3.709923737784119169e+01 1.004518259959799735e+02 7.294213090181263226e+01 8.669697844889630289e+01 8.669697844889630289e+01 7.294213090181263226e+01 6.640619229070350116e+01
9.837292377530535248e+01 1.004518259959799735e+02 9.837292377530535248e+01 1.004518259959799735e+02 5.730967006951942722e+01 1.004518259959799735e+02 7.233788174581525254e+01 7.311013210762442327e+01 1.004518259959799735e+02 7.233788174581525254e+01
8.185223975646744066e+01 6.809739220938375581e+01 8.669697844889630289e+01 7.294213090181263226e+01 1.004518259959799735e+02 6.606981455179749219e+01 7.411875559687700843e+01 7.411875559687700843e+01 5.393877828077789616e+01 8.669697844889630289e+01
8.940829150717574691e+01 8.357031884397122212e+01 9.253495111210082769e+01 8.669697844889630289e+01 7.233788174581525254e+01 7.411875559687700843e+01 1.004518259959799735e+02 6.491668416986095735e+01 7.349606529240860198e+01 7.175488762609143123e+01
8.940829150717574691e+01 8.357031884397122212e+01 9.253495111210082769e+01 8.669697844889630289e+01 7.311013210762442327e+01 7.411875559687700843e+01 6.491668416986095735e+01 1.004518259959799735e+02 7.349606529240860198e+01 8.278886324082300519e+01
8.122954945199901999e+01 6.747470190491536357e+01 8.669697844889630289e+01 7.294213090181263226e+01 1.004518259959799735e+02 5.393877828077789616e+01 7.349606529240860198e+01 7.349606529240860198e+01 6.357905333392384506e+01 8.669697844889630289e+01
9.253495111210082769e+01 7.773625506790344275e+01 8.357422773110796754e+01 6.640619229070350116e+01 7.233788174581525254e+01 8.669697844889630289e+01 7.175488762609143123e+01 8.278886324082300519e+01 8.669697844889630289e+01 1.004518259959799735e+02
