1.545939531341764983e+00 1.007370870263671350e+02 9.582895367397591713e+01 1.004079233016793324e+02 1.008700768172536755e+02 1.004079233016793324e+02 9.596194346486245763e+01 1.004079233016793324e+02 9.642409698043681487e+01 1.008700768172536755e+02
1.007370870263671350e+02 1.013322303328280185e+02 7.613055140970359957e+01 1.008700768172536755e+02 8.876498251430034259e+01 1.008700768172536755e+02 1.008035819218104052e+02 1.008700768172536755e+02 9.769067534465254710e+01 9.775717024009581735e+01
9.582895367397591713e+01 7.613055140970359957e+01 1.001419437199062514e+02 1.004079233016793324e+02 1.008700768172536755e+02 1.004079233016793324e+02 7.548312211690439710e+01 1.004079233016793324e+02 7.964329193781668437e+01 1.008700768172536755e+02
1.004079233016793324e+02 1.008700768172536755e+02 1.004079233016793324e+02 8.864986118534463344e+01 8.999433958449273518e+01 7.865644883615743765e+01 8.953218606891837794e+01 5.569954957414360308e+01 1.008700768172536755e+02 8.999433958449272097e+01
1.008700768172536755e+02 8.876498251430034259e+01 1.008700768172536755e+02 8.999433958449272097e+01 1.013322303328280185e+02 6.144696804869728624e+01 7.815222684386084495e+01 9.499104575908633308e+01 9.775717024009581735e+01 7.819963166951254152e+01
1.004079233016793324e+02 1.008700768172536755e+02 1.004079233016793324e+02 7.865644883615743765e+01 6.144696804869728624e+01 2.217776901934623623e+01 6.098481453312294320e+01 8.864986118534463344e+01 1.008700768172536755e+02 5.727923514126510440e+01
9.596194346486245763e+01 1.008035819218104052e+02 7.548312211690439710e+01 8.953218606891839215e+01 7.815222684386083074e+01 6.098481453312294320e+01 1.004079233016793324e+02 9.452889224351197583e+01 7.970978683325995462e+01 8.131253824667039964e+01
1.004079233016793324e+02 1.008700768172536755e+02 1.004079233016793324e+02 5.569954957414360308e+01 9.499104575908631887e+01 8.864986118534463344e+01 9.452889224351199005e+01 3.324396122023898670e+01 1.008700768172536755e+02 9.499104575908633308e+01
9.642409698043681487e+01 9.769067534465254710e+01 7.964329193781668437e+01 1.008700768172536755e+02 9.775717024009580314e+01 1.008700768172536755e+02 7.970978683325995462e+01 1.008700768172536755e+02 1.013322303328280185e+02 7.767005290924231531e+01
1.008700768172536755e+02 9.775717024009581735e+01 1.008700768172536755e+02 8.999433958449273518e+01 7.819963166951252731e+01 5.727923514126510440e+01 8.131253824667039964e+01 9.499104575908631887e+01 7.767005290924231531e+01 1.013322303328280185e+02
