6.855254330212444458e+00 1.002817301616566823e+02 1.061035327789484768e+02 6.638243137918539105e+01 1.061035327789484768e+02 1.119253353962402855e+02 1.119253353962402855e+02 1.119253353962402855e+02 1.061035327789484768e+02 1.119253353962402855e+02
1.002817301616566823e+02 1.002465832101394199e+02 8.483279121300309100e+01 9.893136363815725076e+01 1.060863247469139736e+02 1.119253353962402855e+02 1.119253353962402855e+02 1.119253353962402855e+02 9.183818674156327688e+01 1.119253353962402855e+02
1.061035327789484768e+02 8.483279121300309100e+01 1.119253353962402855e+02 1.047619529933283786e+02 8.373275780375689692e+01 6.280079012478430656e+01 7.263411251685013781e+01 7.263411251685013781e+01 8.224330020957370380e+01 8.104583564473152535e+01
6.638243137918539105e+01 9.893136363815725076e+01 1.047619529933283786e+02 1.002817301616566823e+02 1.060949287629312323e+02 1.119253353962402855e+02 1.119253353962402855e+02 1.119253353962402855e+02 1.060947460410691718e+02 1.119253353962402855e+02
1.061035327789484768e+02 1.060863247469139594e+02 8.373275780375689692e+01 1.060949287629312323e+02 1.119253353962402855e+02 6.113746792436694477e+01 7.263411251685013781e+01 7.263411251685013781e+01 8.373275780375689692e+01 8.104583564473152535e+01
1.119253353962402855e+02 1.119253353962402855e+02 6.280079012478430656e+01 1.119253353962402855e+02 6.113746792436694477e+01 1.651944338169724347e+01 2.959509237139837623e+01 3.041829220489831442e+01 6.280079012478430656e+01 5.016633589322275100e+01
1.119253353962402855e+02 1.119253353962402855e+02 7.263411251685013781e+01 1.119253353962402855e+02 7.263411251685013781e+01 2.959509237139837978e+01 5.016633589322275100e+01 3.328265263617223724e+01 7.263411251685013781e+01 3.907161050000784286e+01
1.119253353962402855e+02 1.119253353962402855e+02 7.263411251685013781e+01 1.119253353962402855e+02 7.263411251685013781e+01 3.041829220489831442e+01 3.328265263617223724e+01 5.016633589322275100e+01 7.263411251685013781e+01 2.836141550497103481e+01
1.061035327789484768e+02 9.183818674156327688e+01 8.224330020957370380e+01 1.060947460410691576e+02 8.373275780375689692e+01 6.280079012478430656e+01 7.263411251685013781e+01 7.263411251685013781e+01 1.119253353962402855e+02 8.104583564473152535e+01
1.119253353962402855e+02 1.119253353962402855e+02 8.104583564473151114e+01 1.119253353962402855e+02 8.104583564473151114e+01 5.016633589322275100e+01 3.907161050000784286e+01 2.836141550497103481e+01 8.104583564473151114e+01 2.297828541476969189e-01
