4.541002395752096632e+00 1.016413775645510214e+02 1.016413775645510214e+02 8.484153612210451456e+01 9.318883266609019245e+01 1.016413775645510214e+02 8.358234810590488451e+01 1.016413775645510214e+02 1.029005655807506656e+02 9.117385320848887886e+01
1.016413775645510214e+02 1.029005655807506656e+02 9.440895170751164756e+01 1.016184617469081672e+02 1.018606902837247361e+02 7.012834356717536366e+01 8.668390254045073107e+01 6.940452255182138686e+01 8.530513131044936870e+01 1.016184617469081672e+02
1.016413775645510214e+02 9.440895170751164756e+01 1.029005655807506656e+02 7.965461878981817279e+01 1.018606902837247361e+02 9.440895170751164756e+01 9.443186752515448745e+01 9.440895170751164756e+01 1.018377744660818820e+02 7.965461878981817279e+01
8.484153612210451456e+01 1.016184617469081672e+02 7.965461878981817279e+01 1.029005655807506656e+02 9.763441783449432876e+01 1.016184617469081672e+02 7.780746704518342938e+01 1.016184617469081672e+02 1.018377744660818962e+02 7.281324362207909928e+01
9.318883266609020666e+01 1.018606902837247361e+02 1.018606902837247361e+02 9.763441783449431455e+01 1.029005655807506656e+02 1.018606902837247361e+02 9.741510511532061400e+01 1.018606902837247361e+02 8.167897313954264860e+01 9.763441783449431455e+01
1.016413775645510214e+02 7.012834356717536366e+01 9.440895170751164756e+01 1.016184617469081672e+02 1.018606902837247361e+02 1.029005655807506656e+02 7.816668150052203146e+01 7.351714265628083922e+01 8.046469854966608182e+01 1.016184617469081672e+02
8.358234810590488451e+01 8.668390254045074528e+01 9.443186752515448745e+01 7.780746704518342938e+01 9.741510511532061400e+01 7.816668150052204567e+01 1.003821895483513771e+02 9.007270162955622084e+01 1.029005655807506656e+02 9.640761538651995011e+01
1.016413775645510214e+02 6.940452255182138686e+01 9.440895170751164756e+01 1.016184617469081672e+02 1.018606902837247361e+02 7.351714265628083922e+01 9.007270162955620663e+01 1.029005655807506656e+02 8.530513131044936870e+01 1.016184617469081672e+02
1.029005655807506656e+02 8.530513131044936870e+01 1.018377744660818820e+02 1.018377744660818820e+02 8.167897313954264860e+01 8.046469854966606761e+01 1.029005655807506656e+02 8.530513131044936870e+01 1.012594404250462503e+02 1.018377744660818820e+02
9.117385320848886465e+01 1.016184617469081672e+02 7.965461878981817279e+01 7.281324362207909928e+01 9.763441783449432876e+01 1.016184617469081672e+02 9.640761538651993590e+01 1.016184617469081672e+02 1.018377744660818962e+02 1.029005655807506656e+02
