1.026016079276114112e+02 1.017643354755109470e+02 1.017643354755109470e+02 1.013768682236558334e+02 1.017643354755109470e+02 1.015778407551946003e+02 5.774591550460591094e+01 7.563903273284249451e+01 1.015778407551946145e+02 5.887742279968930603e+01
1.017643354755109613e+02 1.009560186458553375e+02 6.924072481993957240e+01 1.026016079276114112e+02 7.355591913389058334e+01 8.967530806282617561e+01 1.009270630234105113e+02 1.009270630234105113e+02 8.259354023603509631e+01 1.009270630234105113e+02
1.017643354755109613e+02 6.924072481993957240e+01 1.009560186458553375e+02 1.026016079276114112e+02 7.403474814238596480e+01 8.967530806282617561e+01 1.009270630234105113e+02 1.009270630234105113e+02 8.259354023603509631e+01 1.009270630234105113e+02
1.013768682236558334e+02 1.026016079276114112e+02 1.026016079276114112e+02 9.389597131272624964e+00 1.026016079276114112e+02 9.421378858526924205e+01 1.026016079276114112e+02 1.026016079276114112e+02 9.421378858526922784e+01 1.026016079276114112e+02
1.017643354755109613e+02 7.355591913389058334e+01 7.403474814238596480e+01 1.026016079276114112e+02 1.009560186458553375e+02 8.967530806282617561e+01 1.009270630234105113e+02 1.009270630234105113e+02 8.259354023603509631e+01 1.009270630234105113e+02
1.015778407551946003e+02 8.967530806282618983e+01 8.967530806282618983e+01 9.421378858526922784e+01 8.967530806282618983e+01 1.026016079276114112e+02 1.017788132867333672e+02 1.017788132867333672e+02 7.170542266824867284e+01 1.017788132867333672e+02
5.774591550460591094e+01 1.009270630234105113e+02 1.009270630234105113e+02 1.026016079276114112e+02 1.009270630234105113e+02 1.017788132867333672e+02 6.716608199120970291e+00 4.867645753807355646e+01 1.017788132867333672e+02 1.515323767176719905e+01
7.563903273284248030e+01 1.009270630234105113e+02 1.009270630234105113e+02 1.026016079276114112e+02 1.009270630234105113e+02 1.017788132867333672e+02 4.867645753807356357e+01 7.575164576924719029e+01 1.017788132867333672e+02 4.867645753807356357e+01
1.015778407551946145e+02 8.259354023603509631e+01 8.259354023603509631e+01 9.421378858526924205e+01 8.259354023603509631e+01 7.170542266824867284e+01 1.017788132867333672e+02 1.017788132867333672e+02 1.026016079276114112e+02 1.017788132867333672e+02
5.887742279968930603e+01 1.009270630234105113e+02 1.009270630234105113e+02 1.026016079276114112e+02 1.009270630234105113e+02 1.017788132867333672e+02 1.515323767176719905e+01 4.867645753807355646e+01 1.017788132867333672e+02 1.244728770535480677e+01
