1.012447788485622766e+02 1.009033454389320639e+02 1.009033454389320639e+02 5.451152517213803606e+01 9.191437136532124441e+01 9.109928091947486450e+01 8.129521640001769356e+01 8.789508843712746966e+01 7.150435509256107025e+01 8.130841961201824120e+01
1.009033454389320497e+02 6.152802767184501676e+01 3.918232942079887238e+01 1.005619120293018227e+02 7.912020932215122571e+01 7.558198204308047252e+01 1.005619120293018227e+02 1.012447788485622766e+02 1.005619120293018227e+02 7.646847172498844714e+01
1.009033454389320497e+02 3.918232942079887238e+01 2.693833929174420661e+01 1.005619120293018227e+02 8.138640326020365023e+01 8.104496985057342329e+01 1.005619120293018227e+02 1.012447788485622766e+02 1.005619120293018227e+02 8.104496985057342329e+01
5.451152517213803606e+01 1.005619120293018227e+02 1.005619120293018227e+02 2.574365895170776519e-01 1.009033454389320639e+02 8.095378299038748082e+01 6.134565395147312472e+01 1.012447788485622766e+02 4.176393133655987810e+01 6.137206037547422710e+01
9.191437136532124441e+01 7.912020932215122571e+01 8.138640326020363602e+01 1.009033454389320497e+02 1.012447788485622766e+02 8.887868041151543252e+01 1.009033454389320497e+02 7.770764871469901891e+01 1.009033454389320497e+02 8.887868041151543252e+01
9.109928091947487871e+01 7.558198204308045831e+01 8.104496985057342329e+01 8.095378299038748082e+01 8.887868041151543252e+01 1.005619120293018227e+02 5.994943226625438371e+01 1.012447788485622766e+02 6.700570905570162950e+01 7.642287829489546880e+01
8.129521640001770777e+01 1.005619120293018227e+02 1.005619120293018227e+02 6.134565395147312472e+01 1.009033454389320639e+02 5.994943226625438371e+01 3.394787683880825568e+01 1.012447788485622766e+02 4.054813573862105613e+01 8.095378299038748082e+01
8.789508843712746966e+01 1.012447788485622766e+02 1.012447788485622766e+02 1.012447788485622766e+02 7.770764871469901891e+01 1.012447788485622766e+02 1.012447788485622766e+02 8.448478031652670950e+01 1.012447788485622766e+02 1.012447788485622766e+02
7.150435509256108446e+01 1.005619120293018227e+02 1.005619120293018227e+02 4.176393133655987810e+01 1.009033454389320639e+02 6.700570905570161528e+01 4.054813573862105613e+01 1.012447788485622766e+02 6.134565395147312472e+01 6.566195193775075722e+01
8.130841961201825541e+01 7.646847172498843292e+01 8.104496985057342329e+01 6.137206037547423421e+01 8.887868041151543252e+01 7.642287829489546880e+01 8.095378299038748082e+01 1.012447788485622766e+02 6.566195193775075722e+01 1.005619120293018227e+02
