9.750631181847887774e+01 9.826790320168628057e+01 8.309896200811266453e+01 9.257664259079004410e+01 9.727260406950674110e+01 9.727260406950674110e+01 1.002475767492935006e+02 1.002475767492935006e+02 9.451689731310005982e+01 9.749186999288681932e+01
9.826790320168628057e+01 1.004668426726735788e+02 7.412861688130590210e+01 9.754922915779633286e+01 9.889840295354491673e+01 9.889840295354491673e+01 9.293976614044331086e+01 7.947179122035429089e+01 9.754922915779633286e+01 9.159059234469472699e+01
8.309896200811267875e+01 7.412861688130590210e+01 9.463161564291910111e+01 9.113929450301014867e+01 9.655393002561680760e+01 9.655393002561680760e+01 1.002475767492935006e+02 1.002475767492935006e+02 9.307954922532016440e+01 9.677319594899687161e+01
9.257664259079004410e+01 9.754922915779633286e+01 9.113929450301014867e+01 9.152748280772122769e+01 8.732844303915588569e+01 8.732844303915588569e+01 1.002475767492935006e+02 1.002475767492935006e+02 5.701084571374207854e+01 7.366408955751455778e+01
9.727260406950674110e+01 9.889840295354491673e+01 9.655393002561679339e+01 8.732844303915588569e+01 1.000283108259134366e+02 6.167651461922810086e+01 9.301639505404851604e+01 9.301639505404851604e+01 7.887898926149443923e+01 8.967291596708400903e+01
9.727260406950674110e+01 9.889840295354491673e+01 9.655393002561679339e+01 8.732844303915588569e+01 6.167651461922810086e+01 1.000283108259134366e+02 9.301639505404851604e+01 9.301639505404851604e+01 7.887898926149443923e+01 8.967291596708400903e+01
1.002475767492935006e+02 9.293976614044331086e+01 1.002475767492935006e+02 1.002475767492935006e+02 9.301639505404850183e+01 9.301639505404850183e+01 1.004668426726735788e+02 7.923636360330266371e+01 1.002475767492935006e+02 7.590900887082264603e+01
1.002475767492935006e+02 7.947179122035429089e+01 1.002475767492935006e+02 1.002475767492935006e+02 9.301639505404850183e+01 9.301639505404850183e+01 7.923636360330266371e+01 1.004668426726735788e+02 1.002475767492935006e+02 9.293976614044331086e+01
9.451689731310005982e+01 9.754922915779633286e+01 9.307954922532016440e+01 5.701084571374208565e+01 7.887898926149443923e+01 7.887898926149443923e+01 1.002475767492935006e+02 1.002475767492935006e+02 3.518081445070934166e+01 6.148052564621825411e+01
9.749186999288681932e+01 9.159059234469472699e+01 9.677319594899687161e+01 7.366408955751457199e+01 8.967291596708400903e+01 8.967291596708400903e+01 7.590900887082264603e+01 9.293976614044331086e+01 6.148052564621825411e+01 1.004668426726735788e+02
