8.284484105918345165e+01 1.007889015142376650e+02 8.937112464460915362e+01 7.654602763573380741e+01 1.029052001245006664e+02 9.042927394974063304e+01 9.042927394974063304e+01 1.029052001245006664e+02 8.239064500334696106e+01 5.470959663502708992e+01
1.007889015142376650e+02 7.284814894502586458e-02 8.372983539737172975e+01 8.028503393766096963e+01 1.029052001245006664e+02 1.018470508193691728e+02 1.018470508193691728e+02 1.029052001245006664e+02 1.018470508193691728e+02 1.007889015142376650e+02
8.937112464460913941e+01 8.372983539737171554e+01 1.007889015142376650e+02 8.532760669993972158e+01 1.029052001245006664e+02 7.876314166189902721e+01 7.849892448219181063e+01 1.029052001245006664e+02 9.736103570560561593e+01 8.937112464460913941e+01
7.654602763573379320e+01 8.028503393766096963e+01 8.532760669993972158e+01 1.007889015142376650e+02 1.029052001245006664e+02 9.491528906350418993e+01 9.491528906350418993e+01 1.029052001245006664e+02 9.736103570560561593e+01 7.654602763573379320e+01
1.029052001245006664e+02 1.029052001245006664e+02 1.029052001245006664e+02 1.029052001245006664e+02 3.177397065872445125e+01 6.716954917916875445e+01 6.716954917916875445e+01 9.910948791490457666e+01 6.644688413718820641e+01 1.029052001245006664e+02
9.042927394974064725e+01 1.018470508193691728e+02 7.876314166189902721e+01 9.491528906350418993e+01 6.716954917916875445e+01 1.029052001245006664e+02 5.398457758078489377e+01 1.010073440197026287e+02 8.010730299172730895e+01 9.042927394974063304e+01
9.042927394974063304e+01 1.018470508193691728e+02 7.849892448219182484e+01 9.491528906350418993e+01 6.716954917916875445e+01 5.398457758078489377e+01 1.029052001245006664e+02 1.010073440197026287e+02 8.010730299172730895e+01 9.042927394974063304e+01
1.029052001245006664e+02 1.029052001245006664e+02 1.029052001245006664e+02 1.029052001245006664e+02 9.910948791490457666e+01 1.010073440197026287e+02 1.010073440197026287e+02 3.133435576014845481e+01 1.010073440197026287e+02 1.029052001245006664e+02
8.239064500334694685e+01 1.018470508193691728e+02 9.736103570560561593e+01 9.736103570560561593e+01 6.644688413718820641e+01 8.010730299172730895e+01 8.010730299172730895e+01 1.010073440197026287e+02 1.029052001245006664e+02 7.418164162822407093e+01
5.470959663502708992e+01 1.007889015142376650e+02 8.937112464460912520e+01 7.654602763573380741e+01 1.029052001245006664e+02 9.042927394974063304e+01 9.042927394974064725e+01 1.029052001245006664e+02 7.418164162822407093e+01 8.284484105918345165e+01
