9.376885830272458477e+00 1.025442323612714546e+02 1.025442323612714546e+02 1.025442323612714546e+02 1.025442323612714546e+02 1.025442323612714546e+02 1.025442323612714546e+02 1.013541375687151032e+02 1.025442323612714546e+02 1.025442323612714546e+02
1.025442323612714546e+02 4.499235850763470879e+00 4.385409744676267962e+01 1.012067129558515717e+02 1.012067129558515717e+02 1.012067129558515717e+02 1.012067129558515717e+02 6.733385638646984717e+01 1.012067129558515717e+02 1.012067129558515717e+02
1.025442323612714546e+02 4.385409744676267962e+01 7.690577460679944011e+01 1.012067129558515717e+02 1.012067129558515717e+02 1.012067129558515717e+02 1.012067129558515717e+02 7.852942993525265081e+01 1.012067129558515717e+02 1.012067129558515717e+02
1.025442323612714546e+02 1.012067129558515717e+02 1.012067129558515717e+02 4.652299230894679027e+01 3.778935061065583056e+01 5.821495183999171985e+01 3.571046047552956537e+01 1.018754726585615060e+02 4.634019430830118580e+01 5.821495183999172696e+01
1.025442323612714546e+02 1.012067129558515717e+02 1.012067129558515717e+02 3.778935061065583056e+01 4.955161256747498300e+01 5.770547195197350732e+01 3.892187873470336257e+01 1.018754726585615060e+02 4.281091159232384769e+01 5.868379651840960776e+01
1.025442323612714546e+02 1.012067129558515717e+02 1.012067129558515717e+02 5.821495183999172696e+01 5.770547195197350732e+01 9.040281502614676867e+01 5.934747996403925185e+01 1.018754726585615060e+02 6.922005873217882765e+01 4.848448087288451092e+01
1.025442323612714546e+02 1.012067129558515717e+02 1.012067129558515717e+02 3.571046047552956537e+01 3.892187873470336257e+01 5.934747996403925185e+01 4.652299230894679027e+01 1.018754726585615060e+02 3.659948229362147032e+01 5.934747996403925185e+01
1.013541375687151174e+02 6.733385638646984717e+01 7.852942993525265081e+01 1.018754726585615060e+02 1.018754726585615060e+02 1.018754726585615060e+02 1.018754726585615060e+02 1.025442323612714546e+02 1.018754726585615060e+02 1.018754726585615060e+02
1.025442323612714546e+02 1.012067129558515717e+02 1.012067129558515717e+02 4.634019430830118580e+01 4.281091159232384769e+01 6.922005873217882765e+01 3.659948229362146321e+01 1.018754726585615060e+02 4.955161256747498300e+01 6.922005873217882765e+01
1.025442323612714546e+02 1.012067129558515717e+02 1.012067129558515717e+02 5.821495183999171985e+01 5.868379651840960776e+01 4.848448087288451092e+01 5.934747996403925185e+01 1.018754726585615060e+02 6.922005873217882765e+01 9.040281502614676867e+01
