1.053519954839863999e+02 6.269129345806317843e+01 6.269129345806317843e+01 8.606934777235299805e+01 7.726128148089352976e+01 8.883476318891497669e+01 7.845049022479383893e+01 6.960719355764592819e+01 7.443459033434550065e+01 7.138963304275236510e+01
6.269129345806317133e+01 8.893899548610351147e+00 9.584952489552646782e+00 1.053519954839863999e+02 1.053519954839863999e+02 1.053519954839863999e+02 8.246639011524216301e+01 1.053519954839863999e+02 1.053519954839863999e+02 5.777595772877253921e+01
6.269129345806317133e+01 9.584952489552645005e+00 1.290517407918038373e+01 1.053519954839863999e+02 1.053519954839863999e+02 1.053519954839863999e+02 8.246639011524216301e+01 1.053519954839863999e+02 1.053519954839863999e+02 5.845227125517796196e+01
8.606934777235299805e+01 1.053519954839863999e+02 1.053519954839863999e+02 1.037267136547193047e+02 7.644864056625998217e+01 8.802212227428142910e+01 8.948697245184916937e+01 6.879455264301236639e+01 7.362194941971195306e+01 9.231366359839719848e+01
7.726128148089352976e+01 1.053519954839863999e+02 1.053519954839863999e+02 7.644864056625998217e+01 5.482394977089671073e+01 6.525843494027566294e+01 6.934223905445014680e+01 4.917056747780065251e+01 3.159104027782929336e+01 7.117047521128546350e+01
8.883476318891497669e+01 1.053519954839863999e+02 1.053519954839863999e+02 8.802212227428141489e+01 6.525843494027566294e+01 1.011178766029824914e+02 8.091572076247159373e+01 7.231753089384353927e+01 5.473800369387218012e+01 9.166145433546300580e+01
7.845049022479383893e+01 8.246639011524216301e+01 8.246639011524216301e+01 8.948697245184918359e+01 6.934223905445014680e+01 8.091572076247159373e+01 1.053519954839863999e+02 7.443459033434550065e+01 5.750912429262270109e+01 8.127718137134186804e+01
6.960719355764592819e+01 1.053519954839863999e+02 1.053519954839863999e+02 6.879455264301236639e+01 4.917056747780065251e+01 7.231753089384353927e+01 7.443459033434550065e+01 1.996805002456561695e+01 4.351718518470459429e+01 8.008797262744155887e+01
7.443459033434550065e+01 1.053519954839863999e+02 1.053519954839863999e+02 7.362194941971195306e+01 3.159104027782929336e+01 5.473800369387218012e+01 5.750912429262270109e+01 4.351718518470459429e+01 1.184101547893106954e+01 8.008797262744155887e+01
7.138963304275236510e+01 5.777595772877253921e+01 5.845227125517796196e+01 9.231366359839721270e+01 7.117047521128546350e+01 9.166145433546300580e+01 8.127718137134186804e+01 8.008797262744155887e+01 8.008797262744155887e+01 1.053519954839863999e+02
