1.050061176248670591e+02 8.300484801847622407e+01 1.010367340883707357e+02 6.770140192034011761e+01 8.046552485583193004e+01 1.033197766743869010e+02 1.033197766743869010e+02 9.055565373889508862e+01 8.355504963648911598e+01 1.033197766743869010e+02
8.300484801847620986e+01 1.050061176248670591e+02 9.820026888484626681e+01 9.055565373889508862e+01 1.004833114708624322e+02 9.764684626733796335e+01 8.254462668379969159e+01 8.016807874360148389e+01 8.863423475026186793e+01 6.829963623243675386e+01
1.010367340883707357e+02 9.820026888484626681e+01 1.050061176248670591e+02 1.010367340883707357e+02 8.625075035064853068e+01 6.918172402691016032e+01 9.764684626733796335e+01 9.820026888484626681e+01 1.004833114708624322e+02 9.764684626733796335e+01
6.770140192034011761e+01 9.055565373889508862e+01 1.010367340883707357e+02 1.050061176248670591e+02 8.002600841433930157e+01 1.033197766743869010e+02 1.033197766743869010e+02 7.950740632662665064e+01 8.355504963648911598e+01 1.033197766743869010e+02
8.046552485583193004e+01 1.004833114708624322e+02 8.625075035064853068e+01 8.002600841433930157e+01 1.016334357239067572e+02 6.193868823537728474e+01 9.596050531685781948e+01 1.004833114708624322e+02 7.903224348248450326e+01 9.596050531685781948e+01
1.033197766743869010e+02 9.764684626733796335e+01 6.918172402691016032e+01 1.033197766743869010e+02 6.193868823537728474e+01 1.157402268171240145e+01 9.028757490980888178e+01 9.764684626733796335e+01 9.596050531685781948e+01 9.028757490980888178e+01
1.033197766743869010e+02 8.254462668379969159e+01 9.764684626733796335e+01 1.033197766743869010e+02 9.596050531685781948e+01 9.028757490980888178e+01 3.735485510770870832e+01 6.246553779280820606e+01 8.085828573331954772e+01 6.008313574273233826e+01
9.055565373889508862e+01 8.016807874360146968e+01 9.820026888484625260e+01 7.950740632662665064e+01 1.004833114708624322e+02 9.764684626733796335e+01 6.246553779280820606e+01 1.050061176248670591e+02 9.293220167909329632e+01 8.254462668379969159e+01
8.355504963648911598e+01 8.863423475026186793e+01 1.004833114708624322e+02 8.355504963648911598e+01 7.903224348248450326e+01 9.596050531685781948e+01 8.085828573331954772e+01 9.293220167909329632e+01 1.016334357239067572e+02 6.212062001511906573e+01
1.033197766743869010e+02 6.829963623243675386e+01 9.764684626733796335e+01 1.033197766743869010e+02 9.596050531685781948e+01 9.028757490980888178e+01 6.008313574273233826e+01 8.254462668379969159e+01 6.212062001511906573e+01 4.289126802740660338e+01
