1.428239314412862626e+01 6.364097209406676825e+01 1.025484115091271065e+02 1.029977810289174016e+02 1.025484115091271065e+02 8.020957126715575214e+01 8.709383741325751771e+01 6.940205119186961724e+01 8.020957126715575214e+01 1.047856236346454182e+02
6.364097209406676825e+01 1.047856236346454182e+02 1.025212884241016127e+02 1.027459731839967674e+02 1.025212884241016127e+02 9.135186830311593553e+01 8.474272152052624563e+01 8.709383741325751771e+01 9.135186830311593553e+01 8.842968790444706428e+01
1.025484115091270922e+02 1.025212884241016127e+02 1.047856236346454182e+02 1.017490316254261984e+02 1.014863123972781409e+02 8.887706097723062726e+01 1.025212884241016127e+02 1.025484115091270922e+02 9.536123586806314734e+01 1.024941653390761189e+02
1.029977810289173874e+02 1.027459731839967674e+02 1.017490316254261984e+02 1.047856236346454182e+02 9.404805003909842753e+01 1.017490316254261984e+02 1.027459731839967674e+02 1.029977810289173874e+02 1.017490316254261984e+02 1.024941653390761331e+02
1.025484115091270922e+02 1.025212884241016127e+02 1.014863123972781409e+02 9.404805003909844174e+01 1.047856236346454182e+02 1.015243468655310437e+02 1.025212884241016127e+02 1.025484115091270922e+02 1.015243468655310437e+02 1.024941653390761189e+02
8.020957126715575214e+01 9.135186830311593553e+01 8.887706097723062726e+01 1.017490316254261984e+02 1.015243468655310437e+02 1.047856236346454182e+02 9.479400137616681832e+01 8.709383741325751771e+01 7.493970332384630240e+01 1.024941653390761331e+02
8.709383741325751771e+01 8.474272152052624563e+01 1.025212884241016127e+02 1.027459731839967674e+02 1.025212884241016127e+02 9.479400137616681832e+01 1.047856236346454182e+02 5.347228621980642060e+01 9.479400137616681832e+01 8.842968790444706428e+01
6.940205119186961724e+01 8.709383741325751771e+01 1.025484115091271065e+02 1.029977810289174016e+02 1.025484115091271065e+02 8.709383741325751771e+01 5.347228621980642060e+01 1.124712174064145392e-01 8.709383741325751771e+01 1.047856236346454182e+02
8.020957126715575214e+01 9.135186830311593553e+01 9.536123586806314734e+01 1.017490316254261984e+02 1.015243468655310437e+02 7.493970332384630240e+01 9.479400137616681832e+01 8.709383741325751771e+01 1.047856236346454182e+02 1.024941653390761189e+02
1.047856236346454182e+02 8.842968790444706428e+01 1.024941653390761331e+02 1.024941653390761189e+02 1.024941653390761331e+02 1.024941653390761189e+02 8.842968790444706428e+01 1.047856236346454182e+02 1.024941653390761331e+02 5.690072716713290291e+00
