
INPUT FILES
using input file for population sizes:
Examples/example_simple_exp_lin_inc_N_10.txt
input sizes: [[ 1.  1.  1.  2.  1.  1.  1.  1.  0.  1.  2.  1.  0.  1.  1.  1.  2.  1.
   1.  1.]
 [ 2.  2.  2.  4.  3.  2.  2.  2.  1.  2.  3.  2.  0.  2.  2.  2.  4.  3.
   2.  2.]
 [ 4.  3.  3.  5.  4.  3.  3.  3.  1.  2.  4.  3.  1.  2.  3.  3.  6.  4.
   3.  2.]
 [ 5.  4.  4.  7.  6.  4.  4.  4.  2.  3.  6.  4.  1.  3.  4.  4.  8.  5.
   4.  3.]
 [ 6.  5.  4.  9.  7.  5.  4.  4.  2.  4.  8.  6.  1.  4.  5.  4. 10.  6.
   4.  4.]
 [ 7.  6.  5. 11.  8.  6.  5.  5.  2.  5.  9.  7.  1.  5.  6.  5. 12.  8.
   5.  5.]
 [ 8.  7.  6. 13. 10.  7.  6.  6.  3.  6. 10.  8.  1.  6.  7.  6. 14.  9.
   6.  6.]
 [10.  8.  7. 14. 11.  8.  7.  7.  3.  6. 12.  9.  2.  6.  8.  7. 16. 10.
   7.  6.]
 [11.  9.  8. 16. 13.  9.  8.  8.  4.  7. 14. 10.  2.  7.  9.  8. 18. 12.
   8.  7.]
 [12. 10.  9. 18. 14. 10.  9.  9.  4.  8. 15. 11.  2.  8. 10.  9. 20. 13.
   9.  8.]]
total number of cells: 20
number of known steps: 10
time between steps: 20.0
min population size: 1e-10
total known time: 200.0

SAMPLING
using input file for sample sizes: Examples/example_simple_exp_sample_list.txt
sample sizes taken: [0 0 0 2 0 0 0 0 2 2 0 2 2 2 2 2 0 0 2 2 0]


MIGRATION
using input file for migration: Examples/example_simple_exp_mig_list0.1.txt
migration is ["from" "to" "rate"]:
[[ 0.   1.   0.1]
 [ 0.   4.   0.1]
 [ 1.   0.   0.1]
 [ 1.   2.   0.1]
 [ 1.   5.   0.1]
 [ 2.   1.   0.1]
 [ 2.   3.   0.1]
 [ 2.   6.   0.1]
 [ 3.   2.   0.1]
 [ 3.   7.   0.1]
 [ 4.   0.   0.1]
 [ 4.   5.   0.1]
 [ 4.   8.   0.1]
 [ 5.   1.   0.1]
 [ 5.   4.   0.1]
 [ 5.   6.   0.1]
 [ 5.   9.   0.1]
 [ 6.   2.   0.1]
 [ 6.   5.   0.1]
 [ 6.   7.   0.1]
 [ 6.  10.   0.1]
 [ 7.   3.   0.1]
 [ 7.   6.   0.1]
 [ 7.  11.   0.1]
 [ 8.   4.   0.1]
 [ 8.   9.   0.1]
 [ 8.  12.   0.1]
 [ 9.   5.   0.1]
 [ 9.   8.   0.1]
 [ 9.  10.   0.1]
 [ 9.  13.   0.1]
 [10.   6.   0.1]
 [10.   9.   0.1]
 [10.  11.   0.1]
 [10.  14.   0.1]
 [11.   7.   0.1]
 [11.  10.   0.1]
 [11.  15.   0.1]
 [12.   8.   0.1]
 [12.  13.   0.1]
 [12.  16.   0.1]
 [13.   9.   0.1]
 [13.  12.   0.1]
 [13.  14.   0.1]
 [13.  17.   0.1]
 [14.  10.   0.1]
 [14.  13.   0.1]
 [14.  15.   0.1]
 [14.  18.   0.1]
 [15.  11.   0.1]
 [15.  14.   0.1]
 [15.  19.   0.1]
 [16.  12.   0.1]
 [16.  17.   0.1]
 [17.  13.   0.1]
 [17.  16.   0.1]
 [17.  18.   0.1]
 [18.  14.   0.1]
 [18.  17.   0.1]
 [18.  19.   0.1]
 [19.  15.   0.1]
 [19.  18.   0.1]]

ANCESTRAL POPULATION

ancestral population IDs:
[1 1 1 1 1 1 1 1 1 1 1 1 1 1 1 1 1 1 1 1]
ancestral population sizes:[1]
extenden population number: 21


output file name: OUTPUT/OUTPUTCoalTimes1.txt
random seed number: 896646
