2.255209161682609320e+01 8.723263298770652341e+01 7.826575097243664914e+01 1.017766425804638573e+02 9.876496130384020944e+01 9.450463778408519033e+01 9.450463778408519033e+01 7.826575097243666335e+01 7.099374617605798221e+01 9.450463778408519033e+01
8.723263298770652341e+01 2.490463949224048346e+00 9.450463778408519033e+01 1.017766425804638573e+02 9.876496130384020944e+01 6.731062118419772844e+01 6.316834846718448659e+01 9.450463778408519033e+01 6.003861638781906152e+01 8.836243790065688586e+01
7.826575097243666335e+01 9.450463778408519033e+01 1.017766425804638573e+02 5.478122511214649393e+01 8.917791632824174997e+01 8.704775456836424041e+01 8.704775456836424041e+01 6.958882308790614957e+01 7.704570630362709949e+01 8.704775456836424041e+01
1.017766425804638573e+02 1.017766425804638573e+02 5.478122511214649393e+01 9.727496823689302019e+00 7.959087135264327628e+01 7.959087135264327628e+01 7.959087135264327628e+01 7.959087135264327628e+01 1.017766425804638573e+02 7.959087135264327628e+01
9.876496130384022365e+01 9.876496130384022365e+01 8.917791632824174997e+01 7.959087135264327628e+01 1.017766425804638573e+02 8.608919229765683667e+01 7.700505426425617372e+01 7.700505426425617372e+01 9.876496130384022365e+01 8.608919229765683667e+01
9.450463778408519033e+01 6.731062118419772844e+01 8.704775456836422620e+01 7.959087135264327628e+01 8.608919229765683667e+01 1.017766425804638573e+02 7.036202223783558907e+01 8.395903053777932712e+01 7.576506924152964473e+01 7.572037834669816903e+01
9.450463778408519033e+01 6.316834846718448659e+01 8.704775456836422620e+01 7.959087135264327628e+01 7.700505426425617372e+01 7.036202223783558907e+01 1.017766425804638573e+02 7.322079371797028102e+01 8.090762948414146649e+01 8.088793059606517488e+01
7.826575097243664914e+01 9.450463778408519033e+01 6.958882308790614957e+01 7.959087135264327628e+01 7.700505426425617372e+01 8.395903053777932712e+01 7.322079371797028102e+01 1.017766425804638573e+02 7.381474378045925278e+01 8.395903053777932712e+01
7.099374617605798221e+01 6.003861638781906152e+01 7.704570630362709949e+01 1.017766425804638573e+02 9.876496130384020944e+01 7.576506924152964473e+01 8.090762948414145228e+01 7.381474378045925278e+01 8.723263298770652341e+01 9.143353784237103810e+01
9.450463778408519033e+01 8.836243790065688586e+01 8.704775456836422620e+01 7.959087135264327628e+01 8.608919229765683667e+01 7.572037834669816903e+01 8.088793059606517488e+01 8.395903053777932712e+01 9.143353784237103810e+01 1.017766425804638573e+02
