7.441478671809260703e-01 1.010313313272356055e+02 1.011128112341551457e+02 7.797720958249355760e+01 6.431064108987166605e+01 2.750847094558820061e+01 2.355029199665259299e+01 1.010313313272356055e+02 1.009498514203160795e+02 1.010313313272356055e+02
1.010313313272356197e+02 1.011128112341551457e+02 5.905110741001782060e+01 9.585060100075631340e+01 1.009881224303944975e+02 1.010313313272356197e+02 1.010313313272356197e+02 8.406023621193108397e+01 9.066987067427703550e+01 8.584994087438651889e+01
1.011128112341551457e+02 5.905110741001782770e+01 3.315069763837753314e+00 1.011128112341551457e+02 1.009449135335534038e+02 1.011128112341551457e+02 1.011128112341551457e+02 1.009449135335534038e+02 1.011128112341551457e+02 1.009449135335534038e+02
7.797720958249355760e+01 9.585060100075632761e+01 1.011128112341551457e+02 1.009498514203160795e+02 8.954501040832434455e+01 7.797720958249355760e+01 7.797720958249355760e+01 9.585060100075632761e+01 7.387831148918439794e+01 9.585060100075632761e+01
6.431064108987166605e+01 1.009881224303944975e+02 1.009449135335534038e+02 8.954501040832434455e+01 1.011128112341551457e+02 5.458962623253309943e+01 6.431064108987166605e+01 9.550532772208126175e+01 1.010313313272356055e+02 9.550532772208126175e+01
2.750847094558820061e+01 1.010313313272356055e+02 1.011128112341551457e+02 7.797720958249355760e+01 5.458962623253309943e+01 1.137703112598068778e+01 2.750847094558820061e+01 1.010313313272356055e+02 1.009498514203160795e+02 1.010313313272356055e+02
2.355029199665258943e+01 1.010313313272356055e+02 1.011128112341551457e+02 7.797720958249355760e+01 6.431064108987166605e+01 2.750847094558820061e+01 2.383462715114601593e+01 1.010313313272356055e+02 1.009498514203160795e+02 1.010313313272356055e+02
1.010313313272356197e+02 8.406023621193108397e+01 1.009449135335534038e+02 9.585060100075631340e+01 9.550532772208126175e+01 1.010313313272356197e+02 1.010313313272356197e+02 1.011128112341551457e+02 9.066987067427703550e+01 6.203042516476379120e+01
1.009498514203160795e+02 9.066987067427704972e+01 1.011128112341551457e+02 7.387831148918439794e+01 1.010313313272356197e+02 1.009498514203160795e+02 1.009498514203160795e+02 9.066987067427704972e+01 1.029228814036943662e+00 9.066987067427704972e+01
1.010313313272356197e+02 8.584994087438651889e+01 1.009449135335534038e+02 9.585060100075631340e+01 9.550532772208126175e+01 1.010313313272356197e+02 1.010313313272356197e+02 6.203042516476379120e+01 9.066987067427703550e+01 1.011128112341551457e+02
