3.340892057805003645e+01 6.071935890561362470e+01 6.269715468775808631e+01 1.003580852259200498e+02 7.853705916640251417e+01 9.635475942719141074e+01 1.003580852259200498e+02 9.835642232655573025e+01 9.835642232655573025e+01 9.635475942719141074e+01
6.071935890561362470e+01 4.933457295596847558e+01 8.053872206576683368e+01 1.003580852259200498e+02 6.073132922984436277e+01 9.635475942719141074e+01 1.003580852259200498e+02 9.835642232655573025e+01 9.835642232655573025e+01 9.635475942719141074e+01
6.269715468775809342e+01 8.053872206576683368e+01 1.003580852259200498e+02 7.945591822991596587e+01 8.944757219616127486e+01 9.835642232655573025e+01 9.293561652210442503e+01 9.564601942433007764e+01 9.564601942433007764e+01 9.835642232655573025e+01
1.003580852259200498e+02 1.003580852259200498e+02 7.945591822991595166e+01 8.551314781828880029e+01 1.003580852259200498e+02 1.003580852259200498e+02 5.941014760921795812e+01 7.421526960582293952e+01 8.555296322931506836e+01 1.003580852259200498e+02
7.853705916640251417e+01 6.073132922984436277e+01 8.944757219616127486e+01 1.003580852259200498e+02 9.635475942719141074e+01 6.376346339552265619e+01 1.003580852259200498e+02 8.127347443062278387e+01 8.127347443062278387e+01 6.376346339552265619e+01
9.635475942719141074e+01 9.635475942719141074e+01 9.835642232655573025e+01 1.003580852259200498e+02 6.376346339552264908e+01 3.432136688424810700e+01 1.003580852259200498e+02 6.273971120020210179e+01 6.273971120020210179e+01 2.495582659670315451e+01
1.003580852259200498e+02 1.003580852259200498e+02 9.293561652210442503e+01 5.941014760921795812e+01 1.003580852259200498e+02 1.003580852259200498e+02 5.598253464713136651e+01 6.466853803742348816e+01 6.542144852364187102e+01 1.003580852259200498e+02
9.835642232655573025e+01 9.835642232655573025e+01 9.564601942433007764e+01 7.421526960582293952e+01 8.127347443062279808e+01 6.273971120020209469e+01 6.466853803742348816e+01 1.003580852259200498e+02 6.687572419538091140e+01 6.146043225466009119e+01
9.835642232655573025e+01 9.835642232655573025e+01 9.564601942433007764e+01 8.555296322931506836e+01 8.127347443062279808e+01 6.273971120020209469e+01 6.542144852364185681e+01 6.687572419538091140e+01 1.003580852259200498e+02 6.084712835785511231e+01
9.635475942719141074e+01 9.635475942719141074e+01 9.835642232655573025e+01 1.003580852259200498e+02 6.376346339552264908e+01 2.495582659670315451e+01 1.003580852259200498e+02 6.146043225466009829e+01 6.084712835785511231e+01 3.432136688424810700e+01
