1.016169028785351713e+02 1.010780971954068548e+02 9.851630744167597697e+01 1.011848178816958637e+02 1.012738096075307510e+02 1.011670889212417563e+02 9.832059502955209496e+01 9.565208458953222248e+01 1.010780971954068548e+02 9.832059502955209496e+01
1.010780971954068548e+02 1.016169028785351713e+02 1.012738096075307510e+02 8.249894017632675514e+01 1.012453369140053780e+02 8.750784898740980111e+01 9.684534872532128702e+01 1.011670889212417563e+02 9.681687603179591406e+01 9.684534872532128702e+01
9.851630744167599119e+01 1.012738096075307510e+02 1.011441577091043200e+02 9.146932203131569850e+01 9.112622876031127817e+01 1.009307163365263307e+02 8.910122388119560810e+01 6.792275399106760858e+01 1.012738096075307510e+02 8.910122388119560810e+01
1.011848178816958637e+02 8.249894017632674093e+01 9.146932203131569850e+01 1.016169028785351713e+02 8.368932083732613592e+01 1.013805302938197315e+02 9.695206941161026748e+01 1.013805302938197315e+02 9.695206941161028169e+01 9.695206941161026748e+01
1.012738096075307510e+02 1.012453369140053780e+02 9.112622876031127817e+01 8.368932083732613592e+01 1.011441577091043200e+02 8.002188038744051823e+01 1.012738096075307510e+02 1.009307163365263307e+02 8.243067874428896857e+01 1.012738096075307510e+02
1.011670889212417421e+02 8.750784898740980111e+01 1.009307163365263307e+02 1.013805302938197457e+02 8.002188038744051823e+01 1.006033841898468353e+02 1.011670889212417563e+02 1.007172749639483413e+02 8.229548536447461515e+01 1.011670889212417563e+02
9.832059502955209496e+01 9.684534872532128702e+01 8.910122388119560810e+01 9.695206941161026748e+01 1.012738096075307510e+02 1.011670889212417421e+02 1.016169028785351713e+02 7.308081414157078370e+01 7.651840083322707642e+01 6.182059286626892458e+01
9.565208458953222248e+01 1.011670889212417421e+02 6.792275399106760858e+01 1.013805302938197457e+02 1.009307163365263307e+02 1.007172749639483413e+02 7.308081414157078370e+01 5.202693205860776970e+01 1.011670889212417421e+02 6.510308114222337394e+01
1.010780971954068548e+02 9.681687603179591406e+01 1.012738096075307510e+02 9.695206941161028169e+01 8.243067874428898278e+01 8.229548536447461515e+01 7.651840083322707642e+01 1.011670889212417563e+02 1.016169028785351713e+02 7.773428191960475431e+01
9.832059502955209496e+01 9.684534872532128702e+01 8.910122388119560810e+01 9.695206941161026748e+01 1.012738096075307510e+02 1.011670889212417421e+02 6.182059286626892458e+01 6.510308114222337394e+01 7.773428191960475431e+01 1.016169028785351713e+02
