1.061801066944965868e+02 7.457330791217552246e+01 8.916480306225582808e+01 8.187573030935324425e+01 9.130838779942156691e+01 7.886047738650698591e+01 7.457330791217552246e+01 7.457330791217552246e+01 1.014965878579817797e+02 9.517846854285176050e+01
7.457330791217552246e+01 3.491319404306443630e+01 6.130403541971589476e+01 5.297797734261759217e+01 7.643666890434653283e+01 5.154084807851738503e+01 3.449612439175619016e+01 2.457554949693459889e+01 9.681306902146698690e+01 8.417683039120692001e+01
8.916480306225582808e+01 6.130403541971590187e+01 1.013324897301756948e+02 7.687187401729798353e+01 6.561854456166510374e+01 7.643666890434653283e+01 6.770577223531182653e+01 6.812284188662006557e+01 7.810673585293471888e+01 9.275466006069130742e+01
8.187573030935324425e+01 5.297797734261759217e+01 7.687187401729798353e+01 7.217619871856534530e+01 8.159550656435853000e+01 6.185852339854136517e+01 5.312762672950664466e+01 5.354469638081488370e+01 9.681306902146698690e+01 8.417683039120692001e+01
9.130838779942155270e+01 7.643666890434653283e+01 6.561854456166511795e+01 8.159550656435851579e+01 1.013324897301756948e+02 5.193396774986912590e+01 7.643666890434653283e+01 7.643666890434653283e+01 7.810673585293471888e+01 9.275466006069129321e+01
7.886047738650698591e+01 5.154084807851738503e+01 7.643666890434653283e+01 6.185852339854136517e+01 5.193396774986913300e+01 3.009870202636549141e+00 5.154084807851738503e+01 5.154084807851738503e+01 9.681306902146698690e+01 8.417683039120692001e+01
7.457330791217552246e+01 3.449612439175619016e+01 6.770577223531182653e+01 5.312762672950664466e+01 7.643666890434653283e+01 5.154084807851738503e+01 2.149903378805077814e-01 3.491319404306443630e+01 9.681306902146698690e+01 8.417683039120692001e+01
7.457330791217552246e+01 2.457554949693459889e+01 6.812284188662006557e+01 5.354469638081489080e+01 7.643666890434653283e+01 5.154084807851738503e+01 3.491319404306443630e+01 1.242545620353364733e+01 9.681306902146698690e+01 8.417683039120692001e+01
1.014965878579817797e+02 9.681306902146698690e+01 7.810673585293471888e+01 9.681306902146698690e+01 7.810673585293471888e+01 9.681306902146698690e+01 9.681306902146698690e+01 9.681306902146698690e+01 1.013324897301756948e+02 9.681306902146698690e+01
9.517846854285176050e+01 8.417683039120692001e+01 9.275466006069129321e+01 8.417683039120692001e+01 9.275466006069130742e+01 8.417683039120692001e+01 8.417683039120692001e+01 8.417683039120692001e+01 9.681306902146698690e+01 7.890840492173283316e+00
