1.018553385777557878e+02 1.040854082115167216e+02 9.590220493788353906e+01 9.590220493788352485e+01 1.040854082115167216e+02 8.280215184018462082e+01 9.590220493788352485e+01 8.488197287810405101e+01 8.488197287810405101e+01 7.831086717552877019e+01
1.040854082115167216e+02 4.438182293028479819e+01 1.025911957618264410e+02 7.117849768450820136e+01 3.372591087516228470e+01 1.025911957618264410e+02 1.020720897535971403e+02 1.025911957618264410e+02 1.025911957618264410e+02 1.040854082115167216e+02
9.590220493788352485e+01 1.025911957618264410e+02 1.040854082115167216e+02 8.154606478989424545e+01 1.025911957618264410e+02 8.427544270146142935e+01 8.154606478989424545e+01 8.427544270146142935e+01 8.427544270146142935e+01 9.590220493788352485e+01
9.590220493788353906e+01 7.117849768450820136e+01 8.154606478989424545e+01 1.040854082115167216e+02 6.226654467211218247e+01 9.571261612147863218e+01 7.752432399158820431e+01 9.571261612147861797e+01 9.571261612147861797e+01 9.590220493788353906e+01
1.040854082115167216e+02 3.372591087516229180e+01 1.025911957618264410e+02 6.226654467211218247e+01 3.216135138471457111e+01 1.025911957618264410e+02 1.020720897535971403e+02 1.025911957618264410e+02 1.025911957618264410e+02 1.040854082115167216e+02
8.280215184018462082e+01 1.025911957618264410e+02 8.427544270146142935e+01 9.571261612147863218e+01 1.025911957618264410e+02 1.040854082115167216e+02 9.571261612147863218e+01 6.298822364388165340e+01 6.119160523195491663e+01 8.208096303948178729e+01
9.590220493788353906e+01 1.020720897535971403e+02 8.154606478989424545e+01 7.752432399158820431e+01 1.020720897535971403e+02 9.571261612147863218e+01 1.040854082115167216e+02 9.571261612147861797e+01 9.571261612147861797e+01 9.590220493788353906e+01
8.488197287810405101e+01 1.025911957618264410e+02 8.427544270146142935e+01 9.571261612147863218e+01 1.025911957618264410e+02 6.298822364388165340e+01 9.571261612147863218e+01 1.040854082115167216e+02 5.599924064136474300e+01 8.488197287810405101e+01
8.488197287810405101e+01 1.025911957618264410e+02 8.427544270146142935e+01 9.571261612147863218e+01 1.025911957618264410e+02 6.119160523195491663e+01 9.571261612147863218e+01 5.599924064136474300e+01 1.040854082115167216e+02 8.488197287810405101e+01
7.831086717552877019e+01 1.040854082115167216e+02 9.590220493788353906e+01 9.590220493788352485e+01 1.040854082115167216e+02 8.208096303948178729e+01 9.590220493788352485e+01 8.488197287810405101e+01 8.488197287810405101e+01 1.018553385777557878e+02
