5.296131516137219108e+00 1.005804788057731542e+02 1.005804788057731542e+02 1.005804788057731542e+02 1.006559371291780423e+02 1.005804788057731542e+02 1.005804788057731542e+02 1.006182079674755983e+02 1.006182079674755983e+02 1.006182079674755983e+02
1.005804788057731542e+02 7.681822438128973474e-01 5.803487393258295413e+01 5.000018563162010565e+01 1.006559371291780423e+02 5.107865016395770397e+01 5.610193065231853637e+01 8.903771238821045131e+01 6.965309867355055928e+01 6.965309867355055928e+01
1.005804788057731542e+02 5.803487393258296123e+01 7.741948764724284615e+01 6.165196197540745970e+01 1.006559371291780423e+02 5.411005153773674436e+01 6.223996012138266565e+01 7.206198770964823552e+01 7.482465650248248323e+01 7.728753086685648555e+01
1.005804788057731542e+02 5.000018563162009855e+01 6.165196197540745970e+01 6.135011104531713499e+01 1.006559371291780423e+02 6.370983663943147235e+01 5.971901869514303485e+01 8.903771238821045131e+01 7.327018671637506486e+01 6.738526885498684749e+01
1.006559371291780423e+02 1.006559371291780423e+02 1.006559371291780423e+02 1.006559371291780423e+02 4.932800488338579648e+00 1.006559371291780423e+02 1.006559371291780423e+02 7.103615647266298083e+01 7.092372495225464490e+01 7.103615647266298083e+01
1.005804788057731542e+02 5.107865016395770397e+01 5.411005153773674436e+01 6.370983663943147945e+01 1.006559371291780423e+02 7.741948764724284615e+01 6.676070914978069482e+01 7.542058313603428132e+01 7.934540553088049819e+01 7.934540553088049819e+01
1.005804788057731542e+02 5.610193065231852927e+01 6.223996012138266565e+01 5.971901869514303485e+01 1.006559371291780423e+02 6.676070914978069482e+01 7.355360108671399644e+01 8.903771238821045131e+01 7.245427292314626300e+01 7.632105922672427312e+01
1.006182079674755983e+02 8.903771238821045131e+01 7.206198770964823552e+01 8.903771238821045131e+01 7.103615647266298083e+01 7.542058313603428132e+01 8.903771238821045131e+01 1.006559371291780423e+02 8.003693443043670186e+01 7.815428944003787137e+01
1.006182079674755983e+02 6.965309867355055928e+01 7.482465650248246902e+01 7.327018671637506486e+01 7.092372495225464490e+01 7.934540553088049819e+01 7.245427292314627721e+01 8.003693443043670186e+01 1.006559371291780423e+02 6.828675290908275031e+01
1.006182079674755983e+02 6.965309867355055928e+01 7.728753086685648555e+01 6.738526885498686170e+01 7.103615647266298083e+01 7.934540553088049819e+01 7.632105922672428733e+01 7.815428944003787137e+01 6.828675290908275031e+01 1.006559371291780423e+02
