1.004526702361220458e+02 1.004481055507190348e+02 1.011274931008865110e+02 1.007877993258027658e+02 1.004481055507190348e+02 1.004481055507190348e+02 1.004481055507190348e+02 1.004481055507190348e+02 1.007877993258027658e+02 1.004481055507190348e+02
1.004481055507190206e+02 9.401881533181226380e-02 1.011274931008865110e+02 9.328023840808538125e+01 8.246536130313998569e+01 4.991342041600982782e+01 8.543298371528425150e+01 7.949773889099570567e+01 9.328023840808538125e+01 8.246536130313998569e+01
1.011274931008865110e+02 1.011274931008865110e+02 1.065912336761250323e+01 9.375622829558670901e+01 1.011274931008865110e+02 1.011274931008865110e+02 1.011274931008865110e+02 1.011274931008865110e+02 9.375622829558670901e+01 1.011274931008865110e+02
1.007877993258027658e+02 9.328023840808538125e+01 9.375622829558670901e+01 1.011274931008865110e+02 7.755479089087083366e+01 9.328023840808538125e+01 6.182934337365630029e+01 9.328023840808538125e+01 5.970608954835726223e+01 7.530153157765352034e+01
1.004481055507190206e+02 8.246536130313998569e+01 1.011274931008865110e+02 7.755479089087083366e+01 8.543298371528425150e+01 7.260120290025328416e+01 4.913735384475307910e+01 6.597310941888032687e+01 7.513242347281979505e+01 5.757601209060408820e+01
1.004481055507190206e+02 4.991342041600982071e+01 1.011274931008865110e+02 9.328023840808538125e+01 7.260120290025328416e+01 7.949773889099570567e+01 8.543298371528425150e+01 5.583329783602277985e+01 9.328023840808538125e+01 7.260120290025328416e+01
1.004481055507190206e+02 8.543298371528425150e+01 1.011274931008865110e+02 6.182934337365630029e+01 4.913735384475307910e+01 8.543298371528425150e+01 8.865018479473496527e+00 8.543298371528425150e+01 5.301257407402795963e+01 5.398208868085517054e+01
1.004481055507190206e+02 7.949773889099570567e+01 1.011274931008865110e+02 9.328023840808538125e+01 6.597310941888034108e+01 5.583329783602277985e+01 8.543298371528425150e+01 5.298536496550389785e+01 9.328023840808538125e+01 6.597310941888034108e+01
1.007877993258027658e+02 9.328023840808538125e+01 9.375622829558670901e+01 5.970608954835726223e+01 7.513242347281979505e+01 9.328023840808538125e+01 5.301257407402796673e+01 9.328023840808538125e+01 1.011274931008865110e+02 7.755479089087083366e+01
1.004481055507190206e+02 8.246536130313998569e+01 1.011274931008865110e+02 7.530153157765352034e+01 5.757601209060408820e+01 7.260120290025328416e+01 5.398208868085517054e+01 6.597310941888032687e+01 7.755479089087083366e+01 8.543298371528425150e+01
