1.011866977658127240e+02 8.644581145048964288e+01 8.713097248771943271e+01 8.713097248771941850e+01 9.035570378326278274e+01 1.006723553501317241e+02 7.880054869416528618e+01 1.006717728591530374e+02 1.006717728591530374e+02 1.006711903681743365e+02
8.644581145048962867e+01 1.011866977658127240e+02 8.395081097921845981e+01 9.112468692769120082e+01 7.791930165946504871e+01 1.006723553501317241e+02 7.880054869416528618e+01 9.112526941866988750e+01 9.112526941866988750e+01 8.157818348720806512e+01
8.713097248771941850e+01 8.395081097921845981e+01 1.001556829705359490e+02 7.198950636216628141e+01 8.823478824437660251e+01 1.001580129344507242e+02 1.011866977658127240e+02 9.061034451201020090e+01 9.061034451201020090e+01 8.106267608956967763e+01
8.713097248771943271e+01 9.112468692769120082e+01 7.198950636216628141e+01 1.001556829705359490e+02 9.112468692769120082e+01 1.001580129344507242e+02 1.011866977658127240e+02 8.291147654935015510e+01 8.291147654935015510e+01 7.261112775062903779e+01
9.035570378326278274e+01 7.791930165946506293e+01 8.823478824437660251e+01 9.112468692769120082e+01 1.011866977658127240e+02 1.006723553501317241e+02 8.004021719835124316e+01 9.112526941866990171e+01 9.112526941866990171e+01 8.157818348720806512e+01
1.006723553501317241e+02 1.006723553501317241e+02 1.001580129344507242e+02 1.001580129344507242e+02 1.006723553501317241e+02 2.102298934278711506e+00 1.011866977658127240e+02 6.524243043473272508e+01 6.159796219639709136e+01 1.001580129344507242e+02
7.880054869416528618e+01 7.880054869416528618e+01 1.011866977658127240e+02 1.011866977658127240e+02 8.004021719835124316e+01 1.011866977658127240e+02 4.054474022935814048e+00 1.011866977658127240e+02 1.011866977658127240e+02 1.011866977658127240e+02
1.006717728591530232e+02 9.112526941866988750e+01 9.061034451201020090e+01 8.291147654935015510e+01 9.112526941866988750e+01 6.524243043473272508e+01 1.011866977658127240e+02 1.001580129344507242e+02 5.920840846281259928e+01 6.827661326636469141e+01
1.006717728591530232e+02 9.112526941866988750e+01 9.061034451201020090e+01 8.291147654935015510e+01 9.112526941866988750e+01 6.159796219639709136e+01 1.011866977658127240e+02 5.920840846281259928e+01 1.001580129344507242e+02 6.827661326636469141e+01
1.006711903681743365e+02 8.157818348720806512e+01 8.106267608956967763e+01 7.261112775062903779e+01 8.157818348720806512e+01 1.001580129344507242e+02 1.011866977658127240e+02 6.827661326636470562e+01 6.827661326636470562e+01 5.895894770348100167e+01
