1.291801652788698895e+01 1.059643778702804440e+02 9.976698741360148404e+01 6.982301023422806452e+01 8.837307952258832699e+01 1.059643778702804440e+02 1.059643778702804440e+02 9.225003315349917443e+01 1.059643778702804440e+02 1.059643778702804440e+02
1.059643778702804440e+02 4.313109144881219947e+01 1.048091983173500239e+02 7.301347076356682919e+01 6.641049481809164945e+01 6.068769099130996381e+01 9.362978801618402258e+01 1.048091983173500239e+02 6.068769099130997091e+01 5.902881051769443843e+01
9.976698741360149825e+01 1.048091983173500239e+02 1.059643778702804440e+02 1.022880928654757611e+02 1.022880928654757611e+02 1.048091983173500239e+02 8.071966830179637498e+01 7.819856284992211215e+01 1.048091983173500239e+02 1.048091983173500239e+02
6.982301023422806452e+01 7.301347076356682919e+01 1.022880928654757611e+02 1.059643778702804440e+02 7.992614319508783183e+01 8.466635111433038219e+01 9.979708294323222617e+01 9.852961573542459917e+01 8.466635111433036798e+01 8.466635111433036798e+01
8.837307952258832699e+01 6.641049481809164945e+01 1.022880928654757611e+02 7.992614319508783183e+01 1.059643778702804440e+02 8.466635111433038219e+01 9.979708294323222617e+01 9.852961573542459917e+01 8.466635111433036798e+01 8.466635111433036798e+01
1.059643778702804440e+02 6.068769099130996381e+01 1.048091983173500239e+02 8.466635111433036798e+01 8.466635111433036798e+01 8.360555726794841291e+01 8.905147234108031284e+01 1.048091983173500239e+02 4.725650291613792575e+01 6.622799177099031454e+01
1.059643778702804440e+02 9.362978801618402258e+01 8.071966830179637498e+01 9.979708294323222617e+01 9.979708294323222617e+01 8.905147234108031284e+01 1.036540187644196180e+02 7.933203083832852087e+01 8.905147234108031284e+01 7.381710344058174655e+01
9.225003315349917443e+01 1.048091983173500239e+02 7.819856284992211215e+01 9.852961573542461338e+01 9.852961573542461338e+01 1.048091983173500239e+02 7.933203083832852087e+01 1.059643778702804440e+02 1.048091983173500239e+02 1.048091983173500239e+02
1.059643778702804440e+02 6.068769099130996381e+01 1.048091983173500239e+02 8.466635111433036798e+01 8.466635111433036798e+01 4.725650291613792575e+01 8.905147234108031284e+01 1.048091983173500239e+02 8.360555726794841291e+01 6.622799177099031454e+01
1.059643778702804440e+02 5.902881051769443843e+01 1.048091983173500239e+02 8.466635111433036798e+01 8.466635111433036798e+01 6.622799177099031454e+01 7.381710344058176076e+01 1.048091983173500239e+02 6.622799177099031454e+01 8.360555726794841291e+01
