1.290995951547395748e+01 1.005165556858915323e+02 1.005165556858915323e+02 8.314685703891153423e+01 1.005165556858915323e+02 1.005165556858915323e+02 1.005165556858915323e+02 1.005165556858915323e+02 1.005165556858915323e+02 1.005165556858915323e+02
1.005165556858915323e+02 1.000340862798967834e+02 6.854243257114909227e+01 9.016040189350005107e+01 6.681381459386565780e+01 6.641033120129247891e+01 8.536862718432189467e+01 8.967484744870121460e+01 6.681381459386565780e+01 6.881748912448426836e+01
1.005165556858915323e+02 6.854243257114909227e+01 5.957440992232034205e+01 6.775353480106667803e+01 7.418358520990574334e+01 4.269193150115805935e+01 7.355728766944878316e+01 1.000340862798967834e+02 7.355728766944878316e+01 7.355728766944878316e+01
8.314685703891153423e+01 9.016040189350005107e+01 6.775353480106667803e+01 1.005165556858915323e+02 8.453973900229722460e+01 7.442481991290311782e+01 8.391344146184026442e+01 1.002753209828941579e+02 8.391344146184026442e+01 8.391344146184026442e+01
1.005165556858915323e+02 6.681381459386565780e+01 7.418358520990574334e+01 8.453973900229722460e+01 1.000340862798967834e+02 6.533544577177937640e+01 7.974796429311908241e+01 8.967484744870122881e+01 6.086306298318817198e+01 6.319682623328144189e+01
1.005165556858915323e+02 6.641033120129247891e+01 4.269193150115805935e+01 7.442481991290311782e+01 6.533544577177937640e+01 5.957440992232034205e+01 7.418358520990574334e+01 1.000340862798967834e+02 7.418358520990574334e+01 7.418358520990574334e+01
1.005165556858915323e+02 8.536862718432189467e+01 7.355728766944878316e+01 8.391344146184027863e+01 7.974796429311908241e+01 7.418358520990574334e+01 1.000340862798967834e+02 9.381080870639887337e+01 7.145870521700757649e+01 7.145870521700757649e+01
1.005165556858915323e+02 8.967484744870121460e+01 1.000340862798967834e+02 1.002753209828941579e+02 8.967484744870121460e+01 1.000340862798967834e+02 9.381080870639887337e+01 9.334313601062824262e+01 8.967484744870121460e+01 8.967484744870121460e+01
1.005165556858915323e+02 6.681381459386565780e+01 7.355728766944878316e+01 8.391344146184026442e+01 6.086306298318817198e+01 7.418358520990574334e+01 7.145870521700757649e+01 8.967484744870122881e+01 1.000340862798967834e+02 5.446062256235866528e+01
1.005165556858915323e+02 6.881748912448426836e+01 7.355728766944878316e+01 8.391344146184026442e+01 6.319682623328144189e+01 7.418358520990574334e+01 7.145870521700757649e+01 8.967484744870122881e+01 5.446062256235866528e+01 1.000340862798967834e+02
