8.967852296265076006e+01 7.453882355765190937e+01 7.018100586225131110e+01 1.021779675937257110e+02 8.617948672798851817e+01 6.755894546971512682e+01 5.817130473459697271e+01 9.249453871574087316e+01 6.010922160295957895e+01 6.010922160295957895e+01
7.453882355765190937e+01 1.021779675937257110e+02 7.643072817778877948e+01 1.016201167372008456e+02 8.902542245749481253e+01 7.380866778525260941e+01 9.592824527818822844e+01 9.534047444524716752e+01 9.592824527818822844e+01 9.592824527818822844e+01
7.018100586225131110e+01 7.643072817778877948e+01 1.864299970855677779e+00 1.021779675937257110e+02 5.959736460153396820e+01 3.521182845483302515e+01 8.967852296265076006e+01 8.906083215329348945e+01 8.967852296265076006e+01 8.967852296265076006e+01
1.021779675937257110e+02 1.016201167372008456e+02 1.021779675937257110e+02 1.846512692913382381e+00 6.896861216912157033e+01 1.021779675937257110e+02 1.021779675937257110e+02 6.896861216912157033e+01 1.021779675937257110e+02 1.021779675937257110e+02
8.617948672798850396e+01 8.902542245749481253e+01 5.959736460153396820e+01 6.896861216912157033e+01 1.021779675937257110e+02 6.869489802427936809e+01 9.592824527818822844e+01 7.667424497245464465e+01 9.592824527818822844e+01 9.592824527818822844e+01
6.755894546971512682e+01 7.380866778525259519e+01 3.521182845483302515e+01 1.021779675937257110e+02 6.869489802427936809e+01 5.068348876185185503e+01 8.967852296265076006e+01 8.906083215329348945e+01 8.967852296265076006e+01 8.967852296265076006e+01
5.817130473459697271e+01 9.592824527818822844e+01 8.967852296265076006e+01 1.021779675937257110e+02 9.592824527818822844e+01 8.967852296265076006e+01 3.103620407026685069e+00 9.592824527818822844e+01 3.053992024326840138e+01 3.053992024326840138e+01
9.249453871574087316e+01 9.534047444524716752e+01 8.906083215329348945e+01 6.896861216912157033e+01 7.667424497245465886e+01 8.906083215329348945e+01 9.592824527818822844e+01 1.021779675937257110e+02 9.592824527818822844e+01 9.592824527818822844e+01
6.010922160295957895e+01 9.592824527818822844e+01 8.967852296265076006e+01 1.021779675937257110e+02 9.592824527818822844e+01 8.967852296265076006e+01 3.053992024326840138e+01 9.592824527818822844e+01 2.926147890002775975e-01 7.880151726110893762e+00
6.010922160295957895e+01 9.592824527818822844e+01 8.967852296265076006e+01 1.021779675937257110e+02 9.592824527818822844e+01 8.967852296265076006e+01 3.053992024326840138e+01 9.592824527818822844e+01 7.880151726110893762e+00 3.373775486402885271e+00
