1.071475701892891976e+02 8.348874825651778053e+01 9.455524070140182857e+01 9.059011079217611950e+01 7.613984327912960737e+01 1.040223623118282035e+02 7.744725035350897713e+01 8.610356240527653426e+01 1.040223623118282035e+02 7.744725035350899134e+01
8.348874825651778053e+01 2.102596543780302341e+01 8.196291121351447373e+01 8.036354037905677217e+01 3.524344992019112510e+01 1.008971544343671951e+02 6.244474047250510296e+01 6.505955462126385669e+01 1.008971544343671951e+02 6.244474047250510296e+01
9.455524070140184278e+01 8.196291121351448794e+01 9.886626780576511919e+01 9.143003282394084863e+01 8.196291121351448794e+01 1.008971544343671951e+02 7.867741411907861959e+01 7.539191702464275124e+01 1.008971544343671951e+02 7.867741411907861959e+01
9.059011079217611950e+01 8.036354037905677217e+01 9.143003282394084863e+01 1.008971544343671951e+02 7.719809588705990677e+01 8.774392533437583097e+01 7.850550296143929074e+01 8.297835452781552590e+01 5.937816839026971394e+01 7.850550296143929074e+01
7.613984327912960737e+01 3.524344992019112510e+01 8.196291121351447373e+01 7.719809588705990677e+01 5.982992632374635633e+01 1.008971544343671951e+02 5.385252345388940398e+01 6.505955462126385669e+01 1.008971544343671951e+02 5.385252345388941109e+01
1.040223623118281893e+02 1.008971544343671951e+02 1.008971544343671951e+02 8.774392533437583097e+01 1.008971544343671951e+02 1.003651330911130373e+02 1.008971544343671951e+02 1.008971544343671951e+02 7.459069623438446683e+01 1.008971544343671951e+02
7.744725035350899134e+01 6.244474047250510296e+01 7.867741411907861959e+01 7.850550296143927653e+01 5.385252345388941109e+01 1.008971544343671951e+02 6.505955462126385669e+01 4.584833991253184138e+01 1.008971544343671951e+02 3.424214450932982601e+01
8.610356240527653426e+01 6.505955462126385669e+01 7.539191702464275124e+01 8.297835452781552590e+01 6.505955462126385669e+01 1.008971544343671951e+02 4.584833991253184138e+01 4.272583583460249201e+01 1.008971544343671951e+02 4.584833991253184138e+01
1.040223623118281893e+02 1.008971544343671951e+02 1.008971544343671951e+02 5.937816839026972104e+01 1.008971544343671951e+02 7.459069623438446683e+01 1.008971544343671951e+02 1.008971544343671951e+02 1.931643038933668777e+01 1.008971544343671951e+02
7.744725035350897713e+01 6.244474047250510296e+01 7.867741411907861959e+01 7.850550296143929074e+01 5.385252345388941109e+01 1.008971544343671951e+02 3.424214450932982601e+01 4.584833991253184138e+01 1.008971544343671951e+02 6.505955462126385669e+01
