1.016059964616741951e+02 8.486493629147530271e+01 9.485968234255548737e+01 9.322666430823929318e+01 8.138277921080685928e+01 8.401152405910519860e+01 8.546410188131596897e+01 8.894625896198441239e+01 7.231736864927663078e+01 8.337423283877113533e+01
8.486493629147528850e+01 1.016059964616741951e+02 9.485968234255548737e+01 9.571309457492560568e+01 6.862600843610658785e+01 7.341093397576985069e+01 7.486351179798062105e+01 8.662871088468253333e+01 8.749368113977362782e+01 8.834709337214374614e+01
9.485968234255548737e+01 9.485968234255550158e+01 1.030790957777074510e+02 8.615651859789211642e+01 8.737681856542016590e+01 7.707599107158739571e+01 9.485968234255550158e+01 1.023425461196908230e+02 8.455885484872271718e+01 1.023425461196908230e+02
9.322666430823929318e+01 9.571309457492559147e+01 8.615651859789213063e+01 1.030790957777074510e+02 1.023425461196908230e+02 1.023425461196908230e+02 9.631226016476625773e+01 8.968280862000104037e+01 9.322666430823929318e+01 7.512727274863937055e+01
8.138277921080685928e+01 6.862600843610658785e+01 8.737681856542016590e+01 1.023425461196908230e+02 5.253483919447980099e+01 4.933277407725422137e+01 6.789901984516677658e+01 1.016059964616741951e+02 8.664026890740353792e+01 1.016059964616741951e+02
8.401152405910519860e+01 7.341093397576985069e+01 7.707599107158738150e+01 1.023425461196908230e+02 4.933277407725422137e+01 7.167454135313288077e+01 7.268394538483005363e+01 1.016059964616741951e+02 6.947212759751420208e+01 1.016059964616741951e+02
8.546410188131596897e+01 7.486351179798062105e+01 9.485968234255548737e+01 9.631226016476625773e+01 6.789901984516677658e+01 7.268394538483003942e+01 1.016059964616741951e+02 7.100157020665616869e+01 8.809284672961429408e+01 8.954542455182507865e+01
8.894625896198439818e+01 8.662871088468253333e+01 1.023425461196908230e+02 8.968280862000102616e+01 1.016059964616741951e+02 1.016059964616741951e+02 7.100157020665615448e+01 7.748485264197594802e+01 8.894625896198441239e+01 7.628652146229461550e+01
7.231736864927661657e+01 8.749368113977362782e+01 8.455885484872271718e+01 9.322666430823929318e+01 8.664026890740353792e+01 6.947212759751420208e+01 8.809284672961429408e+01 8.894625896198439818e+01 1.016059964616741951e+02 8.337423283877113533e+01
8.337423283877113533e+01 8.834709337214374614e+01 1.023425461196908230e+02 7.512727274863937055e+01 1.016059964616741951e+02 1.016059964616741951e+02 8.954542455182507865e+01 7.628652146229461550e+01 8.337423283877113533e+01 4.078045131728074146e-01
