1.010427112419552174e+02 1.007139296916822531e+02 8.251144062618243424e+01 8.611169262269839919e+01 7.811854270154914559e+01 9.273669005512439867e+01 1.006336997888019482e+02 8.458385801684337935e+01 8.609578233810699999e+01 7.008818579993692310e+01
1.007139296916822531e+02 3.055944717353586526e+01 1.003851481414092888e+02 1.007457502608650373e+02 1.007139296916822531e+02 9.722614556859414847e+01 9.315409831220949854e+01 1.004169687105920730e+02 9.315409831220949854e+01 1.010427112419552174e+02
8.251144062618243424e+01 1.003851481414092888e+02 6.847618959517787118e+01 1.007457502608650373e+02 6.968516983484633442e+01 6.935638828457337013e+01 1.007139296916822531e+02 8.221447964509226836e+01 1.007139296916822531e+02 1.010427112419552174e+02
8.611169262269839919e+01 1.007457502608650373e+02 1.007457502608650373e+02 1.010427112419552174e+02 8.196100271098752899e+01 1.007457502608650373e+02 1.006496100733933474e+02 8.766883581714986917e+01 7.746567278770223197e+01 7.147763498453174691e+01
7.811854270154914559e+01 1.007139296916822531e+02 6.968516983484633442e+01 8.196100271098751477e+01 1.010427112419552174e+02 7.738754031722196203e+01 1.006336997888019482e+02 9.275260033971579787e+01 8.194509242639612978e+01 7.147763498453174691e+01
9.273669005512439867e+01 9.722614556859414847e+01 6.935638828457337013e+01 1.007457502608650373e+02 7.738754031722196203e+01 1.003851481414092888e+02 9.913442840527469002e+01 9.243972907403421857e+01 9.913442840527467581e+01 1.010427112419552174e+02
1.006336997888019482e+02 9.315409831220949854e+01 1.007139296916822531e+02 1.006496100733933474e+02 1.006336997888019624e+02 9.913442840527469002e+01 1.010427112419552174e+02 1.007298399762736381e+02 8.997067984262925222e+01 1.005534698859216576e+02
8.458385801684337935e+01 1.004169687105920730e+02 8.221447964509226836e+01 8.766883581714986917e+01 9.275260033971579787e+01 9.243972907403421857e+01 1.007298399762736381e+02 1.004487892797748714e+02 1.007298399762736381e+02 1.010427112419552174e+02
8.609578233810699999e+01 9.315409831220949854e+01 1.007139296916822531e+02 7.746567278770223197e+01 8.194509242639612978e+01 9.913442840527467581e+01 8.997067984262923801e+01 1.007298399762736523e+02 1.010427112419552174e+02 7.147763498453174691e+01
7.008818579993692310e+01 1.010427112419552174e+02 1.010427112419552174e+02 7.147763498453174691e+01 7.147763498453174691e+01 1.010427112419552174e+02 1.005534698859216576e+02 1.010427112419552174e+02 7.147763498453174691e+01 3.418512100852680646e+01
