3.564461565209311544e+01 1.022469134886680564e+02 9.569208989891068029e+01 5.596188505930044954e+01 1.022469134886680564e+02 1.022469134886680564e+02 1.022469134886680564e+02 9.569208989891068029e+01 1.024242005487143956e+02 1.022469134886680564e+02
1.022469134886680564e+02 1.002787757481157058e+02 9.375268037659948561e+01 1.022469134886680564e+02 8.043707724350180399e+01 7.697323966836800935e+01 6.954778645211580113e+01 9.134199536608493020e+01 9.151928242613126940e+01 6.574423535945723529e+01
9.569208989891068029e+01 9.375268037659948561e+01 1.022469134886680564e+02 7.418820332430462372e+01 1.012628446183918811e+02 1.012628446183918811e+02 9.375268037659948561e+01 9.412375017026074886e+01 1.019321661135763151e+02 8.624251613480709011e+01
5.596188505930045665e+01 1.022469134886680564e+02 7.418820332430462372e+01 8.913726630915330418e+01 1.022469134886680564e+02 1.022469134886680564e+02 1.022469134886680564e+02 9.133837281052015555e+01 1.024242005487143956e+02 1.022469134886680564e+02
1.022469134886680564e+02 8.043707724350180399e+01 1.012628446183918811e+02 1.022469134886680564e+02 4.933527153845734148e+00 5.062961412630328084e+01 7.047131263091718267e+01 6.017794797681615648e+01 6.035523503686249569e+01 1.002787757481157058e+02
1.022469134886680564e+02 7.697323966836800935e+01 1.012628446183918811e+02 1.022469134886680564e+02 5.062961412630328084e+01 6.059537873888790926e+01 7.355883841792987710e+01 7.643826380748566862e+01 7.661555086753200783e+01 1.002787757481157058e+02
1.022469134886680564e+02 6.954778645211580113e+01 9.375268037659948561e+01 1.022469134886680564e+02 7.047131263091718267e+01 7.355883841792987710e+01 1.002787757481157058e+02 8.635911305979261954e+01 8.653640011983895874e+01 6.574423535945723529e+01
9.569208989891068029e+01 9.134199536608493020e+01 9.412375017026074886e+01 9.133837281052014134e+01 6.017794797681616359e+01 7.643826380748566862e+01 8.635911305979261954e+01 1.022469134886680564e+02 8.048759285298187649e+01 1.012628446183918811e+02
1.024242005487143956e+02 9.151928242613126940e+01 1.019321661135763151e+02 1.024242005487143956e+02 6.035523503686250280e+01 7.661555086753200783e+01 8.653640011983895874e+01 8.048759285298186228e+01 1.026014876087607348e+02 1.014401316784382203e+02
1.022469134886680564e+02 6.574423535945723529e+01 8.624251613480709011e+01 1.022469134886680564e+02 1.002787757481157058e+02 1.002787757481157058e+02 6.574423535945723529e+01 1.012628446183918811e+02 1.014401316784382203e+02 2.732634687032740040e+00
