4.125962469944803424e+00 1.011482769789020324e+02 8.813903856549791271e+01 1.011482769789020324e+02 1.011482769789020324e+02 8.711183501168378029e+01 7.307539304446551398e+01 8.711183501168378029e+01 5.974624223712535809e+01 1.011482769789020324e+02
1.011482769789020324e+02 4.805773842591320033e+01 1.017586310665472098e+02 7.677105947833771893e+01 7.677105947833771893e+01 7.052942699069961918e+01 1.011482769789020324e+02 1.006656870083511137e+02 1.017586310665472098e+02 1.001830970378001950e+02
8.813903856549791271e+01 1.017586310665471956e+02 1.023689851541923872e+02 1.017586310665471956e+02 1.017586310665471956e+02 9.494883481602255415e+01 8.813903856549791271e+01 9.494883481602255415e+01 7.785998907936107116e+01 1.017586310665471956e+02
1.011482769789020324e+02 7.677105947833771893e+01 1.017586310665472098e+02 1.001830970378001950e+02 7.608611146681224113e+01 8.895966822861987566e+01 1.011482769789020324e+02 9.251661378736262975e+01 1.017586310665472098e+02 8.388495059582321289e+01
1.011482769789020324e+02 7.677105947833771893e+01 1.017586310665472098e+02 7.608611146681222692e+01 1.001830970378001950e+02 8.895966822861988987e+01 1.011482769789020324e+02 7.855815960008541765e+01 1.017586310665472098e+02 5.461311372717144508e+01
8.711183501168378029e+01 7.052942699069961918e+01 9.494883481602255415e+01 8.895966822861987566e+01 8.895966822861987566e+01 1.011482769789020324e+02 5.337684826689937267e+01 7.775864832117622427e+01 9.474041008293806954e+01 1.006656870083511137e+02
7.307539304446551398e+01 1.011482769789020324e+02 8.813903856549791271e+01 1.011482769789020324e+02 1.011482769789020324e+02 5.337684826689937267e+01 8.554942289100658570e+00 5.374705436013212534e+01 8.772218909932894348e+01 1.011482769789020324e+02
8.711183501168378029e+01 1.006656870083511137e+02 9.494883481602255415e+01 9.251661378736261554e+01 7.855815960008541765e+01 7.775864832117622427e+01 5.374705436013212534e+01 1.011482769789020324e+02 9.474041008293806954e+01 5.458747743290909682e+01
5.974624223712535809e+01 1.017586310665471956e+02 7.785998907936107116e+01 1.017586310665471956e+02 1.017586310665471956e+02 9.474041008293806954e+01 8.772218909932894348e+01 9.474041008293806954e+01 1.023689851541923872e+02 1.017586310665471956e+02
1.011482769789020324e+02 1.001830970378001950e+02 1.017586310665472098e+02 8.388495059582321289e+01 5.461311372717144508e+01 1.006656870083511137e+02 1.011482769789020324e+02 5.458747743290909682e+01 1.017586310665472098e+02 1.175298740473738945e+01
