2.416233465063137409e+00 9.468746023534481537e+01 9.391306132973323884e+01 1.006475323390316987e+02 1.014219312446432610e+02 1.000963961504249795e+02 1.011986685276384321e+02 1.006475323390316987e+02 1.011986685276384321e+02 1.011986685276384321e+02
9.468746023534480116e+01 1.016451939616481042e+02 7.655713376775122470e+01 1.011463631503399085e+02 8.520597332987692596e+01 1.008707950560365418e+02 1.014219312446432610e+02 1.011463631503399085e+02 1.014219312446432610e+02 1.014219312446432610e+02
9.391306132973323884e+01 7.655713376775122470e+01 1.000963961504249795e+02 7.788184622033799087e+01 1.014219312446432610e+02 1.000575057308921743e+02 1.011986685276384321e+02 8.001947778639848252e+01 1.011986685276384321e+02 1.011986685276384321e+02
1.006475323390316987e+02 1.011463631503399085e+02 7.788184622033799087e+01 1.011986685276384321e+02 9.399218058180909452e+01 1.006086419194989077e+02 8.995432245865492860e+01 6.065608037024997401e+01 6.666502958136760526e+01 5.330662706447811416e+01
1.014219312446432752e+02 8.520597332987692596e+01 1.014219312446432752e+02 9.399218058180909452e+01 1.016451939616481042e+02 1.014219312446432752e+02 7.686140936660348189e+01 9.399218058180909452e+01 8.656242991897491379e+01 8.656242991897491379e+01
1.000963961504249795e+02 1.008707950560365418e+02 1.000575057308921743e+02 1.006086419194988935e+02 1.014219312446432610e+02 6.609599897308831906e+00 1.011986685276384321e+02 1.006086419194988935e+02 1.011986685276384321e+02 1.011986685276384321e+02
1.011986685276384321e+02 1.014219312446432752e+02 1.011986685276384321e+02 8.995432245865490017e+01 7.686140936660349610e+01 1.011986685276384321e+02 8.594028690304108409e+01 8.995432245865490017e+01 7.870997638967139665e+01 7.870997638967139665e+01
1.006475323390316987e+02 1.011463631503399085e+02 8.001947778639846831e+01 6.065608037024997401e+01 9.399218058180909452e+01 1.006086419194989077e+02 8.995432245865492860e+01 1.011986685276384321e+02 6.954278440859701504e+01 6.192073750673469590e+01
1.011986685276384321e+02 1.014219312446432752e+02 1.011986685276384321e+02 6.666502958136760526e+01 8.656242991897491379e+01 1.011986685276384321e+02 7.870997638967139665e+01 6.954278440859701504e+01 5.313099409328023626e+01 3.213139063509677129e+01
1.011986685276384321e+02 1.014219312446432752e+02 1.011986685276384321e+02 5.330662706447811416e+01 8.656242991897491379e+01 1.011986685276384321e+02 7.870997638967139665e+01 6.192073750673469590e+01 3.213139063509677129e+01 8.499500556268861917e-01
