3.154759619614046429e+01 8.510501083160292524e+01 8.668946852853633800e+01 1.000882971406770707e+02 8.668946852853633800e+01 8.639440582914099309e+01 9.071950196534140787e+01 9.850383944374367218e+01 1.013776921382151386e+02 9.071950196534140787e+01
8.510501083160292524e+01 9.850383944374367218e+01 9.105708502335185983e+01 8.925477406251052059e+01 9.105708502335185983e+01 9.076202232395651492e+01 9.525636820331158106e+01 9.783456670626136997e+01 1.013776921382151386e+02 9.525636820331155263e+01
8.668946852853633800e+01 9.105708502335185983e+01 1.016727548376104693e+02 9.656516554539206254e+01 7.951908277435558148e+01 7.723163661337002850e+01 9.619612840147593147e+01 1.000882971406770707e+02 9.720986304416109647e+01 9.619612840147593147e+01
1.000882971406770707e+02 8.925477406251052059e+01 9.656516554539206254e+01 1.016727548376104693e+02 7.873334875655723408e+01 1.007329946394461047e+02 1.007329946394461047e+02 9.941902440319476852e+01 7.937804625532625380e+01 1.007329946394461047e+02
8.668946852853633800e+01 9.105708502335185983e+01 7.951908277435559569e+01 7.873334875655723408e+01 1.016727548376104693e+02 8.368691186840963780e+01 9.619612840147593147e+01 1.000882971406770707e+02 7.906985206340658578e+01 9.619612840147593147e+01
8.639440582914099309e+01 9.076202232395652914e+01 7.723163661337002850e+01 1.007329946394461047e+02 8.368691186840963780e+01 1.010826294388197937e+02 7.318162879051428149e+01 9.979323444128172582e+01 7.865825522664880509e+01 7.871201292789524473e+01
9.071950196534140787e+01 9.525636820331158106e+01 9.619612840147593147e+01 1.007329946394461047e+02 9.619612840147593147e+01 7.318162879051428149e+01 1.010826294388197937e+02 9.979323444128172582e+01 7.626285844281244408e+01 6.098661704847425113e+01
9.850383944374367218e+01 9.783456670626136997e+01 1.000882971406770707e+02 9.941902440319476852e+01 1.000882971406770707e+02 9.979323444128172582e+01 9.979323444128172582e+01 5.062798258977499444e+01 1.013776921382151386e+02 9.979323444128172582e+01
1.013776921382151386e+02 1.013776921382151386e+02 9.720986304416109647e+01 7.937804625532625380e+01 7.906985206340658578e+01 7.865825522664880509e+01 7.626285844281244408e+01 1.013776921382151386e+02 1.016727548376104693e+02 8.418863936402976833e+01
9.071950196534140787e+01 9.525636820331158106e+01 9.619612840147593147e+01 1.007329946394461047e+02 9.619612840147593147e+01 7.871201292789524473e+01 6.098661704847425113e+01 9.979323444128172582e+01 8.418863936402976833e+01 1.010826294388197937e+02
