8.062722824739068983e+00 1.009569005850918586e+02 7.469351587135378168e+01 9.068475243653355733e+01 1.005114448870603212e+02 9.068475243653355733e+01 6.442136772279546619e+01 9.068475243653355733e+01 7.421947797240061107e+01 8.044118648889686085e+01
1.009569005850918728e+02 1.009854827860134918e+02 7.803123269079267743e+01 8.658205904829458177e+01 8.621509280558029786e+01 8.658205904829458177e+01 1.009569005850918728e+02 8.658205904829458177e+01 1.009569005850918728e+02 1.009569005850918728e+02
7.469351587135378168e+01 7.803123269079267743e+01 1.009854827860134918e+02 9.583511761127353168e+01 8.599236495656452917e+01 9.583511761127351747e+01 7.212712096819963392e+01 9.583511761127351747e+01 8.564694028490612254e+01 9.071333463745517633e+01
9.068475243653355733e+01 8.658205904829458177e+01 9.583511761127351747e+01 1.009283183841702396e+02 1.007341727360760899e+02 6.923953501884842865e+01 8.559842507782266807e+01 6.218170936651038261e+01 9.558380756133612977e+01 8.504112777750185614e+01
1.005114448870603212e+02 8.621509280558029786e+01 8.599236495656452917e+01 1.007341727360761041e+02 1.009854827860134918e+02 1.007341727360760899e+02 1.005114448870603212e+02 1.007341727360760899e+02 7.687446087879891365e+01 1.005114448870603212e+02
9.068475243653355733e+01 8.658205904829458177e+01 9.583511761127351747e+01 6.923953501884842865e+01 1.007341727360760899e+02 1.009283183841702396e+02 8.410344832728908671e+01 7.112330703001063625e+01 9.558380756133612977e+01 7.398731469292097529e+01
6.442136772279546619e+01 1.009569005850918586e+02 7.212712096819963392e+01 8.559842507782266807e+01 1.005114448870603212e+02 8.410344832728907249e+01 8.044118648889686085e+01 8.559842507782269649e+01 8.027384726115037950e+01 7.330258507933156409e+01
9.068475243653355733e+01 8.658205904829458177e+01 9.583511761127351747e+01 6.218170936651037550e+01 1.007341727360760899e+02 7.112330703001063625e+01 8.559842507782269649e+01 1.009283183841702396e+02 9.558380756133612977e+01 8.504112777750185614e+01
7.421947797240061107e+01 1.009569005850918586e+02 8.564694028490610833e+01 9.558380756133612977e+01 7.687446087879891365e+01 9.558380756133612977e+01 8.027384726115037950e+01 9.558380756133612977e+01 1.000374069881071506e+02 9.023929673850200572e+01
8.044118648889686085e+01 1.009569005850918586e+02 9.071333463745517633e+01 8.504112777750187036e+01 1.005114448870603212e+02 7.398731469292096108e+01 7.330258507933156409e+01 8.504112777750185614e+01 9.023929673850200572e+01 7.821199728761359893e+01
