8.058991182373129902e+01 1.004320533601523096e+02 1.004320533601523096e+02 5.354967035848048340e+01 1.004320533601523096e+02 8.075706438042716684e+01 6.312600897101083319e+01 6.516994254131964226e+01 6.312600897101084740e+01 6.516994254131964226e+01
1.004320533601523096e+02 1.871545371761303755e+00 7.074775746720220582e+01 1.004320533601523096e+02 4.547105059699097751e+01 9.444533771371385455e+01 1.004320533601523096e+02 1.004320533601523096e+02 1.004320533601523096e+02 1.004320533601523096e+02
1.004320533601523096e+02 7.074775746720220582e+01 1.001416299576540325e+02 1.004320533601523096e+02 8.252394173983344672e+01 9.736608968630852701e+01 1.004320533601523096e+02 1.004320533601523096e+02 1.004320533601523096e+02 1.004320533601523096e+02
5.354967035848049051e+01 1.004320533601523096e+02 1.004320533601523096e+02 1.840288419781778984e-01 1.004320533601523096e+02 9.051098259194179718e+01 6.516994254131964226e+01 4.974997325890797839e+01 6.516994254131964226e+01 4.974997325890797839e+01
1.004320533601523096e+02 4.547105059699097751e+01 8.252394173983344672e+01 1.004320533601523096e+02 8.845862206727541377e+01 8.138942344421960229e+01 1.004320533601523096e+02 1.004320533601523096e+02 1.004320533601523096e+02 1.004320533601523096e+02
8.075706438042718105e+01 9.444533771371385455e+01 9.736608968630852701e+01 9.051098259194179718e+01 8.138942344421960229e+01 1.004320533601523096e+02 7.511735277382436493e+01 9.051098259194179718e+01 7.511735277382436493e+01 9.051098259194179718e+01
6.312600897101083319e+01 1.004320533601523096e+02 1.004320533601523096e+02 6.516994254131964226e+01 1.004320533601523096e+02 7.511735277382436493e+01 8.058991182373129902e+01 5.320706106111321532e+01 4.999560210102767854e+01 4.819739729744864576e+01
6.516994254131964226e+01 1.004320533601523096e+02 1.004320533601523096e+02 4.974997325890797839e+01 1.004320533601523096e+02 9.051098259194179718e+01 5.320706106111320821e+01 9.148920227426806662e+00 4.397407504676749568e+01 1.691331368099088905e+01
6.312600897101084740e+01 1.004320533601523096e+02 1.004320533601523096e+02 6.516994254131964226e+01 1.004320533601523096e+02 7.511735277382435072e+01 4.999560210102767854e+01 4.397407504676749568e+01 8.058991182373129902e+01 4.846498696137605577e+01
6.516994254131964226e+01 1.004320533601523096e+02 1.004320533601523096e+02 4.974997325890797839e+01 1.004320533601523096e+02 9.051098259194179718e+01 4.819739729744864576e+01 1.691331368099088905e+01 4.846498696137605577e+01 2.582421029849512806e+01
