2.201246170613844200e+01 9.490450493226353501e+01 1.013688651283467550e+02 9.495565160610190958e+01 9.495565160610190958e+01 9.490450493226353501e+01 1.013688651283467550e+02 9.495565160610190958e+01 1.013688651283467550e+02 1.013688651283467550e+02
9.490450493226353501e+01 1.013177184545083804e+02 7.801052132521891735e+01 9.286586023005025936e+01 7.617703145202139581e+01 6.469867126195086371e+01 8.743942137343304921e+01 8.429997049267223019e+01 8.743942137343304921e+01 8.743942137343304921e+01
1.013688651283467550e+02 7.801052132521891735e+01 1.014200118021851438e+02 1.004545328731170599e+02 1.004545328731170599e+02 8.743942137343303500e+01 8.652508911820333992e+01 8.398633867663539831e+01 7.005689492172169253e+01 8.652508911820333992e+01
9.495565160610192379e+01 9.286586023005025936e+01 1.004545328731170599e+02 1.014200118021851438e+02 7.944027313949851532e+01 9.286586023005025936e+01 8.975494390876406214e+01 9.195152797482055007e+01 1.004545328731170599e+02 8.312832610632081298e+01
9.495565160610192379e+01 7.617703145202139581e+01 1.004545328731170599e+02 7.944027313949851532e+01 1.014200118021851438e+02 7.867926169070295828e+01 8.975494390876406214e+01 8.338563823744253511e+01 1.004545328731170599e+02 8.794327803779502517e+01
9.490450493226353501e+01 6.469867126195084950e+01 8.743942137343304921e+01 9.286586023005024515e+01 7.867926169070294407e+01 1.013177184545083804e+02 8.242302817637869339e+01 8.429997049267223019e+01 8.242302817637869339e+01 8.242302817637869339e+01
1.013688651283467550e+02 8.743942137343304921e+01 8.652508911820333992e+01 8.975494390876406214e+01 8.975494390876406214e+01 8.242302817637867918e+01 1.014200118021851438e+02 1.004545328731170599e+02 8.081691873514600388e+01 7.011732977079299189e+01
9.495565160610192379e+01 8.429997049267223019e+01 8.398633867663539831e+01 9.195152797482055007e+01 8.338563823744253511e+01 8.429997049267223019e+01 1.004545328731170599e+02 1.014200118021851438e+02 7.766040130767169103e+01 1.004545328731170599e+02
1.013688651283467550e+02 8.743942137343304921e+01 7.005689492172169253e+01 1.004545328731170599e+02 1.004545328731170599e+02 8.242302817637867918e+01 8.081691873514600388e+01 7.766040130767169103e+01 1.014200118021851438e+02 7.543503115929328828e+01
1.013688651283467550e+02 8.743942137343304921e+01 8.652508911820333992e+01 8.312832610632079877e+01 8.794327803779502517e+01 8.242302817637867918e+01 7.011732977079299189e+01 1.004545328731170599e+02 7.543503115929328828e+01 1.014200118021851438e+02
