7.341446585222354493e+00 8.230197077627211399e+01 3.754120150406071588e+01 1.795031486935683063e+01 1.004230405305470839e+02 1.004230405305470839e+02 1.004230405305470839e+02 1.023656802439912070e+02 1.023656802439912070e+02 1.023656802439912070e+02
8.230197077627211399e+01 1.043083199574353159e+02 8.005883908772092639e+01 8.230197077627211399e+01 1.023656802439911928e+02 1.023656802439911928e+02 1.023656802439911928e+02 1.007977367920092604e+02 8.230571177660164039e+01 1.007977367920092604e+02
3.754120150406071588e+01 8.005883908772092639e+01 6.029562159510890496e+01 3.949641116689817011e+01 1.004230405305470839e+02 1.004230405305470839e+02 1.004230405305470839e+02 1.023656802439912070e+02 1.023656802439912070e+02 1.023656802439912070e+02
1.795031486935683063e+01 8.230197077627211399e+01 3.949641116689817011e+01 2.260762006436234017e+01 1.004230405305470839e+02 1.004230405305470839e+02 1.004230405305470839e+02 1.023656802439912070e+02 1.023656802439912070e+02 1.023656802439912070e+02
1.004230405305470839e+02 1.023656802439912070e+02 1.004230405305470839e+02 1.004230405305470839e+02 2.803449938447422340e+01 8.661490586918820611e+01 8.661490586918820611e+01 7.138001410053874451e+01 9.546161291331176812e+01 9.546161291331176812e+01
1.004230405305470839e+02 1.023656802439912070e+02 1.004230405305470839e+02 1.004230405305470839e+02 8.661490586918820611e+01 1.138254560743478550e+01 1.166491068831368416e+01 9.546161291331176812e+01 5.858670830326468604e+01 5.858670830326468604e+01
1.004230405305470839e+02 1.023656802439912070e+02 1.004230405305470839e+02 1.004230405305470839e+02 8.661490586918820611e+01 1.166491068831368239e+01 1.286509664909405970e+01 9.546161291331176812e+01 5.679569413012990964e+01 5.850048688283457210e+01
1.023656802439911928e+02 1.007977367920092604e+02 1.023656802439911928e+02 1.023656802439911928e+02 7.138001410053874451e+01 9.546161291331176812e+01 9.546161291331176812e+01 1.043083199574353159e+02 9.734570312666954806e+01 8.155717108442016183e+01
1.023656802439911928e+02 8.230571177660164039e+01 1.023656802439911928e+02 1.023656802439911928e+02 9.546161291331176812e+01 5.858670830326468604e+01 5.679569413012991674e+01 9.734570312666954806e+01 1.043083199574353159e+02 7.882202940121588597e+01
1.023656802439911928e+02 1.007977367920092604e+02 1.023656802439911928e+02 1.023656802439911928e+02 9.546161291331176812e+01 5.858670830326468604e+01 5.850048688283457210e+01 8.155717108442016183e+01 7.882202940121588597e+01 1.043083199574353159e+02
