5.759556189705403284e+01 9.049275421965701582e+01 9.058566867724481142e+01 8.611193867608245966e+01 9.328196505501483671e+01 9.315111803311557992e+01 9.070982009775168819e+01 9.206066259245521621e+01 9.010906162016614473e+01 9.115860351509425641e+01
9.049275421965701582e+01 6.993437933350526237e+01 8.186766902602681739e+01 8.982558258930572492e+01 8.581758651306117258e+01 8.725079594038439268e+01 8.908732174324110531e+01 8.916860714784861841e+01 9.000213193227806130e+01 9.007517659136252064e+01
9.058566867724485405e+01 8.186766902602681739e+01 8.361793793838113231e+01 8.790276273108801774e+01 8.848391465852539284e+01 8.789811204637490505e+01 8.765525957082610375e+01 8.869690186977058488e+01 8.900933326373107946e+01 8.912815414112806423e+01
8.611193867608248809e+01 8.982558258930572492e+01 8.790276273108801774e+01 7.821344529024432290e+01 8.823700887311224506e+01 8.771862107523695329e+01 8.615678628013930052e+01 8.620064557372597847e+01 8.714608509137586623e+01 8.423271499063316980e+01
9.328196505501486513e+01 8.581758651306117258e+01 8.848391465852539284e+01 8.823700887311224506e+01 7.845287518603770138e+01 8.086691511963125834e+01 8.510358481604978920e+01 8.722437476701075809e+01 8.090947957008356184e+01 8.618943884038266390e+01
9.315111803311557992e+01 8.725079594038439268e+01 8.789811204637490505e+01 8.771862107523695329e+01 8.086691511963124412e+01 7.447139138428352112e+01 8.038704665504124591e+01 8.645853692298641135e+01 8.404445572718861968e+01 8.590165514286444193e+01
9.070982009775168819e+01 8.908732174324110531e+01 8.765525957082610375e+01 8.615678628013930052e+01 8.510358481604978920e+01 8.038704665504124591e+01 7.795521603070415040e+01 8.257945950424969794e+01 8.217116671714275355e+01 7.946348182108658875e+01
9.206066259245521621e+01 8.916860714784861841e+01 8.869690186977058488e+01 8.620064557372597847e+01 8.722437476701075809e+01 8.645853692298641135e+01 8.257945950424969794e+01 8.035937616316013532e+01 8.747238411820286785e+01 7.998549383629449494e+01
9.010906162016614473e+01 9.000213193227806130e+01 8.900933326373107946e+01 8.714608509137586623e+01 8.090947957008356184e+01 8.404445572718861968e+01 8.217116671714275355e+01 8.747238411820286785e+01 7.934240768347902417e+01 8.020652123302780012e+01
9.115860351509425641e+01 9.007517659136252064e+01 8.912815414112806423e+01 8.423271499063315559e+01 8.618943884038266390e+01 8.590165514286444193e+01 7.946348182108657454e+01 7.998549383629449494e+01 8.020652123302778591e+01 6.866343178654159374e+01
