1.845767141181865467e-01 9.762359532514699367e+01 7.890372804336045931e+01 9.476180507903083594e+01 9.762359532514699367e+01 9.476180507903083594e+01 7.890372804336045931e+01 1.011596270688847596e+02 9.762359532514699367e+01 7.565836864286835350e+01
9.762359532514699367e+01 1.004853855712631372e+02 9.423928338228775203e+01 9.085497143942852460e+01 9.030140740781754971e+01 7.511776333233704861e+01 9.423928338228775203e+01 7.886655599386351412e+01 7.254164932524024323e+01 8.194426390035057750e+01
7.890372804336045931e+01 9.423928338228775203e+01 9.476180507903083594e+01 8.346224626185924933e+01 9.733520110447466323e+01 8.572771372758580810e+01 5.395972831522512791e+01 1.011596270688847596e+02 9.423928338228775203e+01 8.969455680731179825e+01
9.476180507903083594e+01 9.085497143942852460e+01 8.346224626185924933e+01 4.287579315637694011e-01 9.704680688380236120e+01 5.599882207725727312e+01 8.346224626185924933e+01 1.011596270688847596e+02 9.085497143942852460e+01 9.762359532514699367e+01
9.762359532514699367e+01 9.030140740781756392e+01 9.733520110447466323e+01 9.704680688380236120e+01 1.004853855712631372e+02 9.704680688380236120e+01 9.733520110447467744e+01 9.269493824916955305e+01 7.422136146190301531e+01 9.058980162848986595e+01
9.476180507903083594e+01 7.511776333233704861e+01 8.572771372758580810e+01 5.599882207725727312e+01 9.704680688380236120e+01 8.122455730759391201e+01 8.572771372758580810e+01 1.011596270688847596e+02 7.619113107903812931e+01 9.762359532514699367e+01
7.890372804336045931e+01 9.423928338228776624e+01 5.395972831522512791e+01 8.346224626185924933e+01 9.733520110447467744e+01 8.572771372758580810e+01 9.476180507903083594e+01 1.011596270688847596e+02 9.423928338228776624e+01 8.969455680731178404e+01
1.011596270688847596e+02 7.886655599386349991e+01 1.011596270688847596e+02 1.011596270688847596e+02 9.269493824916955305e+01 1.011596270688847596e+02 1.011596270688847596e+02 1.018338685665063679e+02 9.269493824916955305e+01 8.404940052103026460e+01
9.762359532514699367e+01 7.254164932524024323e+01 9.423928338228775203e+01 9.085497143942852460e+01 7.422136146190301531e+01 7.619113107903812931e+01 9.423928338228775203e+01 9.269493824916958147e+01 1.004853855712631372e+02 9.058980162848988016e+01
7.565836864286835350e+01 8.194426390035059171e+01 8.969455680731179825e+01 9.762359532514699367e+01 9.058980162848986595e+01 9.762359532514699367e+01 8.969455680731178404e+01 8.404940052103027881e+01 9.058980162848988016e+01 1.004853855712631372e+02
