5.182479031980709294e+01 5.973345085401945198e+01 1.020967559882076614e+02 7.710986647411799311e+01 6.690457284624460499e+01 9.566342780705173254e+01 8.923009962589581789e+01 8.923009962589581789e+01 1.020967559882076614e+02 1.020967559882076614e+02
5.973345085401945198e+01 7.253328764409423002e+01 1.020967559882076614e+02 8.221244414513446941e+01 8.213789748507915078e+01 9.566342780705173254e+01 8.923009962589581789e+01 8.923009962589581789e+01 1.020967559882076614e+02 1.020967559882076614e+02
1.020967559882076614e+02 1.020967559882076614e+02 4.098801089332663183e-01 1.014661177578379920e+02 8.377910308121322203e+01 8.377910308121322203e+01 1.020967559882076614e+02 1.020967559882076614e+02 1.008354795274683084e+02 1.008354795274683084e+02
7.710986647411797890e+01 8.221244414513446941e+01 1.014661177578379778e+02 1.020967559882076614e+02 8.928799211597798546e+01 9.856477278244486229e+01 9.566342780705173254e+01 9.566342780705173254e+01 7.686893182084489240e+01 7.686893182084489240e+01
6.690457284624460499e+01 8.213789748507916499e+01 8.377910308121322203e+01 8.928799211597798546e+01 1.020967559882076614e+02 7.822828135030299279e+01 9.566342780705173254e+01 9.566342780705173254e+01 1.014661177578379920e+02 1.014661177578379920e+02
9.566342780705173254e+01 9.566342780705173254e+01 8.377910308121322203e+01 9.856477278244486229e+01 7.822828135030299279e+01 1.020967559882076614e+02 7.436194050778527753e+01 6.258092294412307410e+01 1.014661177578379778e+02 1.014661177578379778e+02
8.923009962589581789e+01 8.923009962589581789e+01 1.020967559882076614e+02 9.566342780705173254e+01 9.566342780705173254e+01 7.436194050778529174e+01 7.018916015468734315e+01 3.799681788450058662e+01 1.020967559882076614e+02 1.020967559882076614e+02
8.923009962589581789e+01 8.923009962589581789e+01 1.020967559882076614e+02 9.566342780705173254e+01 9.566342780705173254e+01 6.258092294412307410e+01 3.799681788450058662e+01 7.779491084361765729e+00 1.020967559882076614e+02 1.020967559882076614e+02
1.020967559882076614e+02 1.020967559882076614e+02 1.008354795274683084e+02 7.686893182084489240e+01 1.014661177578379778e+02 1.014661177578379920e+02 1.020967559882076614e+02 1.020967559882076614e+02 1.877701304698168272e+01 1.266798422429642024e+01
1.020967559882076614e+02 1.020967559882076614e+02 1.008354795274683084e+02 7.686893182084489240e+01 1.014661177578379778e+02 1.014661177578379920e+02 1.020967559882076614e+02 1.020967559882076614e+02 1.266798422429642024e+01 5.145573418784580966e+00
