1.009571769097511265e+02 1.005854747040563097e+02 9.969187202592209474e+01 9.964720269208582692e+01 1.005854747040563240e+02 1.005228379985762501e+02 1.006121766662487858e+02 8.980444811119708959e+01 9.014917323094962853e+01 1.009569017860013247e+02
1.005854747040563240e+02 1.003390459093216833e+02 1.006301440378925918e+02 9.384371172896223356e+01 7.088936405305184962e+01 9.106851924243848373e+01 1.003031111660340571e+02 1.002584418321977893e+02 1.007576997020576783e+02 1.008023690358939604e+02
9.969187202592209474e+01 1.006301440378925918e+02 1.009571769097511265e+02 7.697469096000460809e+01 1.006301440378925918e+02 1.006121766662487858e+02 6.558956830949878736e+01 8.330516585942427810e+01 1.009569017860013247e+02 8.364989097917683125e+01
9.964720269208582692e+01 9.384371172896223356e+01 7.697469096000460809e+01 1.009571769097511265e+02 9.601284807609481220e+01 9.137758474265322661e+01 1.006121766662487858e+02 1.005675073324125179e+02 1.009122324521650569e+02 1.009569017860013247e+02
1.005854747040563240e+02 7.088936405305184962e+01 1.006301440378925918e+02 9.601284807609481220e+01 1.003390459093216833e+02 6.203076008718178258e+01 1.003031111660340571e+02 1.002584418321977893e+02 1.007576997020576925e+02 1.008023690358939604e+02
1.005228379985762359e+02 9.106851924243849794e+01 1.006121766662487858e+02 9.137758474265321240e+01 6.203076008718177548e+01 1.612001006390470437e+01 1.002671764227464308e+02 1.001778377550738952e+02 1.006950629965776045e+02 1.007844016642501543e+02
1.006121766662487858e+02 1.003031111660340571e+02 6.558956830949877315e+01 1.006121766662487858e+02 1.003031111660340571e+02 1.002671764227464308e+02 3.103913319544844285e+01 5.978470101530082559e+01 1.007844016642501543e+02 5.928762209406327344e+01
8.980444811119708959e+01 1.002584418321977751e+02 8.330516585942427810e+01 1.005675073324125037e+02 1.002584418321977893e+02 1.001778377550738810e+02 5.978470101530082559e+01 1.002671764227464308e+02 7.676644506683386737e+01 7.760893706362904254e+01
9.014917323094962853e+01 1.007576997020576925e+02 1.009569017860013105e+02 1.009122324521650569e+02 1.007576997020576925e+02 1.006950629965776045e+02 1.007844016642501401e+02 7.676644506683385316e+01 1.013016269057538636e+02 8.445069777970974201e+01
1.009569017860013105e+02 1.008023690358939461e+02 8.364989097917683125e+01 1.009569017860013105e+02 1.008023690358939746e+02 1.007844016642501401e+02 5.928762209406327344e+01 7.760893706362904254e+01 8.445069777970974201e+01 1.013016269057538636e+02
