1.004959619114020200e+02 8.138015975350015196e+01 8.158199184355719069e+01 8.420761603476984192e+01 7.594807489027866154e+01 9.517318039233401805e+01 9.517318039233401805e+01 1.008070973456125472e+02 8.798276107816741387e+01 9.488527738973149894e+01
8.138015975350013775e+01 1.003109044195949053e+02 7.932439686299845505e+01 8.416135166181805971e+01 7.364421553676814369e+01 9.512691601938223585e+01 9.512691601938223585e+01 1.008070973456125472e+02 1.006515296285072907e+02 9.483901301677971674e+01
8.158199184355717648e+01 7.932439686299844084e+01 1.008070973456125472e+02 6.558705463242871758e+01 7.308140191805408392e+01 9.271844500713957871e+01 8.758838780474866326e+01 9.061200165572749654e+01 9.306673704092193589e+01 7.626471598739037461e+01
8.420761603476984192e+01 8.416135166181805971e+01 6.558705463242871758e+01 1.008070973456125472e+02 7.872926679859656929e+01 9.271844500713959292e+01 8.758838780474867747e+01 9.061200165572749654e+01 9.306673704092193589e+01 7.135977443065200987e+01
7.594807489027864733e+01 7.364421553676814369e+01 7.308140191805408392e+01 7.872926679859656929e+01 7.858256496670895785e+01 7.388110744850257561e+01 8.127805263530646585e+01 1.008070973456125472e+02 1.006515296285072907e+02 8.940692815355822631e+01
9.517318039233401805e+01 9.512691601938223585e+01 9.271844500713957871e+01 9.271844500713957871e+01 7.388110744850256140e+01 1.008070973456125472e+02 8.430166648628529913e+01 8.112542940627002963e+01 9.819679424331283712e+01 9.271844500713957871e+01
9.517318039233401805e+01 9.512691601938223585e+01 8.758838780474866326e+01 8.758838780474867747e+01 8.127805263530646585e+01 8.430166648628529913e+01 1.008070973456125472e+02 7.389702787728705857e+01 8.567393293028749213e+01 8.758838780474866326e+01
1.008070973456125472e+02 1.008070973456125472e+02 9.061200165572751075e+01 9.061200165572749654e+01 1.008070973456125472e+02 8.112542940627002963e+01 7.389702787728705857e+01 9.067702037062427678e+01 8.321919754509306699e+01 9.061200165572751075e+01
8.798276107816741387e+01 1.006515296285072907e+02 9.306673704092193589e+01 9.306673704092193589e+01 1.006515296285072907e+02 9.819679424331283712e+01 8.567393293028749213e+01 8.321919754509305278e+01 1.008070973456125472e+02 9.306673704092193589e+01
9.488527738973149894e+01 9.483901301677971674e+01 7.626471598739037461e+01 7.135977443065202408e+01 8.940692815355822631e+01 9.271844500713957871e+01 8.758838780474866326e+01 9.061200165572749654e+01 9.306673704092193589e+01 1.008070973456125472e+02
