1.293658741038974647e+01 1.030212630944677841e+02 1.030212630944677841e+02 8.196401638837360792e+01 1.018199480994754680e+02 8.196401638837360792e+01 8.732634321725726068e+01 8.612502822226494459e+01 1.030212630944677841e+02 7.163142334004672307e+01
1.030212630944677841e+02 2.008218702679526046e+01 5.937686258407605067e+01 1.030212630944677841e+02 9.475482454189827308e+01 1.030212630944677841e+02 9.475482454189827308e+01 1.030212630944677841e+02 8.648838598932874788e+01 1.030212630944677841e+02
1.030212630944677841e+02 5.937686258407605067e+01 8.648838598932874788e+01 1.030212630944677841e+02 7.901058664623597849e+01 1.030212630944677841e+02 8.859800350097292210e+01 1.030212630944677841e+02 6.242695863879646367e+01 1.030212630944677841e+02
8.196401638837360792e+01 1.030212630944677841e+02 1.030212630944677841e+02 1.006186331044831519e+02 8.291196564447447770e+01 6.587099432468154703e+01 9.457314565836635722e+01 6.886894767606747791e+01 1.030212630944677841e+02 8.612502822226494459e+01
1.018199480994754680e+02 9.475482454189825887e+01 7.901058664623597849e+01 8.291196564447447770e+01 1.030212630944677841e+02 8.291196564447447770e+01 9.213056527976151244e+01 8.291196564447447770e+01 7.069339719136598887e+01 1.018199480994754680e+02
8.196401638837360792e+01 1.030212630944677841e+02 1.030212630944677841e+02 6.587099432468154703e+01 8.291196564447447770e+01 1.006186331044831519e+02 9.457314565836635722e+01 7.074460097448132956e+01 1.030212630944677841e+02 8.612502822226494459e+01
8.732634321725726068e+01 9.475482454189825887e+01 8.859800350097292210e+01 9.457314565836635722e+01 9.213056527976151244e+01 9.457314565836635722e+01 1.030212630944677841e+02 8.477954471551748838e+01 8.244118246004757111e+01 5.893896937111218648e+01
8.612502822226494459e+01 1.030212630944677841e+02 1.030212630944677841e+02 6.886894767606747791e+01 8.291196564447447770e+01 7.074460097448134377e+01 8.477954471551748838e+01 1.006186331044831519e+02 1.030212630944677841e+02 6.653782633656719270e+01
1.030212630944677841e+02 8.648838598932874788e+01 6.242695863879646367e+01 1.030212630944677841e+02 7.069339719136598887e+01 1.030212630944677841e+02 8.244118246004757111e+01 1.030212630944677841e+02 1.668506558910943127e+01 1.030212630944677841e+02
7.163142334004672307e+01 1.030212630944677841e+02 1.030212630944677841e+02 8.612502822226494459e+01 1.018199480994754680e+02 8.612502822226494459e+01 5.893896937111219358e+01 6.653782633656719270e+01 1.030212630944677841e+02 1.084285861350360758e+00
