2.324092754933879235e+01 1.018377933478020196e+02 1.018377933478020196e+02 1.018377933478020196e+02 1.018377933478020196e+02 7.715518276212759474e+01 1.018377933478020196e+02 1.018377933478020196e+02 6.858787753866552350e+01 1.018377933478020196e+02
1.018377933478020196e+02 5.687530829260605003e+01 6.924075228591961206e+01 8.692925980918036544e+01 6.464403770505663260e+01 1.010265016198405732e+02 9.695296076014932396e+01 8.692925980918036544e+01 1.010265016198405732e+02 8.692925980918036544e+01
1.018377933478020196e+02 6.924075228591961206e+01 1.002152098918791268e+02 9.353683304924948061e+01 8.004032588445761576e+01 9.380167491617483222e+01 9.854868352473395987e+01 8.634740814686398380e+01 7.828167045063553076e+01 9.353683304924948061e+01
1.018377933478020196e+02 8.692925980918036544e+01 9.353683304924948061e+01 1.002152098918791268e+02 7.134998671371471346e+01 1.009910998185603148e+02 9.015790327093998258e+01 8.221943763033658570e+01 1.009910998185603148e+02 7.382865737654259419e+01
1.018377933478020196e+02 6.464403770505664681e+01 8.004032588445761576e+01 7.134998671371471346e+01 1.002152098918791268e+02 1.009910998185603148e+02 9.015790327093998258e+01 9.353683304924948061e+01 1.009910998185603148e+02 8.514605279545548910e+01
7.715518276212759474e+01 1.010265016198405732e+02 9.380167491617483222e+01 1.009910998185603148e+02 1.009910998185603148e+02 1.018377933478020196e+02 1.009910998185603148e+02 7.688507411623102428e+01 8.186601548731833589e+01 1.009910998185603148e+02
1.018377933478020196e+02 9.695296076014932396e+01 9.854868352473395987e+01 9.015790327093998258e+01 9.015790327093998258e+01 1.009910998185603148e+02 1.002152098918791268e+02 9.854868352473397408e+01 1.009910998185603148e+02 8.287274481311393970e+01
1.018377933478020196e+02 8.692925980918036544e+01 8.634740814686399801e+01 8.221943763033658570e+01 9.353683304924948061e+01 7.688507411623102428e+01 9.854868352473395987e+01 1.002152098918791268e+02 9.380167491617481801e+01 7.887902059973929170e+01
6.858787753866552350e+01 1.010265016198405732e+02 7.828167045063553076e+01 1.009910998185603148e+02 1.009910998185603148e+02 8.186601548731833589e+01 1.009910998185603148e+02 9.380167491617481801e+01 1.018377933478020196e+02 1.009910998185603148e+02
1.018377933478020196e+02 8.692925980918036544e+01 9.353683304924948061e+01 7.382865737654259419e+01 8.514605279545550331e+01 1.009910998185603148e+02 8.287274481311392549e+01 7.887902059973929170e+01 1.009910998185603148e+02 1.002152098918791268e+02
