1.019499533197148509e+02 9.362760844514281189e+01 7.752957659965613857e+01 5.933632435809296624e+01 9.205518108165047408e+01 9.362760844514281189e+01 9.862418381867917105e+01 7.358213664309306523e+01 7.147503394759974071e+01 7.804403668462843768e+01
9.362760844514281189e+01 9.529841431764350546e+01 7.872027170237103633e+01 8.530526357057078712e+01 7.998058053199819994e+01 8.027598198188232459e+01 6.902831673270056001e+01 9.362760844514281189e+01 1.019499533197148509e+02 8.010742743668559740e+01
7.752957659965612436e+01 7.872027170237103633e+01 1.019499533197148509e+02 9.862418381867917105e+01 7.341157779496950297e+01 9.225799835004436034e+01 7.118382851823584190e+01 9.205518108165047408e+01 7.147503394759974071e+01 5.952728030263484982e+01
5.933632435809296624e+01 8.530526357057078712e+01 9.862418381867917105e+01 2.140623656341382031e+01 9.862418381867917105e+01 8.530526357057078712e+01 9.529841431764350546e+01 5.871623505820009115e+01 1.019499533197148509e+02 9.862418381867917105e+01
9.205518108165047408e+01 7.998058053199819994e+01 7.341157779496950297e+01 9.862418381867917105e+01 1.019499533197148509e+02 9.225799835004436034e+01 7.361439506336338923e+01 8.919899852617263036e+01 7.866260679208909323e+01 7.353842469965690043e+01
9.362760844514281189e+01 8.027598198188232459e+01 9.225799835004436034e+01 8.530526357057078712e+01 9.225799835004436034e+01 9.529841431764350546e+01 7.421119266450415353e+01 9.362760844514281189e+01 1.019499533197148509e+02 9.225799835004436034e+01
9.862418381867917105e+01 6.902831673270056001e+01 7.118382851823584190e+01 9.529841431764350546e+01 7.361439506336338923e+01 7.421119266450415353e+01 6.983367244310424837e+01 9.862418381867917105e+01 1.019499533197148509e+02 7.374124196805078668e+01
7.358213664309306523e+01 9.362760844514281189e+01 9.205518108165047408e+01 5.871623505820009825e+01 8.919899852617261615e+01 9.362760844514281189e+01 9.862418381867917105e+01 1.019499533197148509e+02 8.262999578914393339e+01 9.205518108165047408e+01
7.147503394759974071e+01 1.019499533197148509e+02 7.147503394759974071e+01 1.019499533197148509e+02 7.866260679208909323e+01 1.019499533197148509e+02 1.019499533197148509e+02 8.262999578914393339e+01 6.902240336952873179e+01 7.070780806873675317e+01
7.804403668462843768e+01 8.010742743668559740e+01 5.952728030263484982e+01 9.862418381867917105e+01 7.353842469965690043e+01 9.225799835004436034e+01 7.374124196805078668e+01 9.205518108165048830e+01 7.070780806873675317e+01 1.019499533197148509e+02
