9.970826880593111952e+00 8.231610332480693160e+01 8.163509718358204736e+01 1.029916736009770943e+02 1.041408727304238511e+02 1.009926326101088989e+02 1.041408727304238511e+02 1.041408727304238511e+02 1.029916736009770943e+02 1.041408727304238511e+02
8.231610332480693160e+01 1.018424744715303518e+02 7.836381401489258280e+01 1.015805818729674286e+02 1.041408727304238511e+02 1.019921531055429966e+02 1.041408727304238511e+02 1.041408727304238511e+02 9.964170075823740547e+01 1.041408727304238511e+02
8.163509718358204736e+01 7.836381401489258280e+01 1.004804621890805834e+02 1.029916736009770943e+02 1.041408727304238511e+02 1.016516500349305545e+02 1.041408727304238511e+02 1.041408727304238511e+02 1.029916736009770943e+02 1.041408727304238511e+02
1.029916736009770943e+02 1.015805818729674286e+02 1.029916736009770943e+02 1.041408727304238511e+02 8.368277319661953584e+01 8.398695246780239643e+01 1.023833150586113589e+02 1.023833150586113589e+02 1.012764026017845538e+02 8.368277319661953584e+01
1.041408727304238511e+02 1.041408727304238511e+02 1.041408727304238511e+02 8.368277319661953584e+01 1.006257573867988810e+02 8.027410632187817896e+01 9.174087714149528949e+01 7.552503942995753050e+01 9.794087493595957028e+01 7.391962051747384521e+01
1.009926326101088989e+02 1.019921531055429966e+02 1.016516500349305545e+02 8.398695246780239643e+01 8.027410632187817896e+01 1.041408727304238511e+02 1.023833150586113589e+02 1.023833150586113589e+02 1.026874943297942337e+02 8.027410632187819317e+01
1.041408727304238511e+02 1.041408727304238511e+02 1.041408727304238511e+02 1.023833150586113732e+02 9.174087714149527528e+01 1.023833150586113732e+02 7.507151115836488975e-01 8.285599689619168373e+01 5.658998383819456279e+01 5.483242616638207778e+01
1.041408727304238511e+02 1.041408727304238511e+02 1.041408727304238511e+02 1.023833150586113732e+02 7.552503942995753050e+01 1.023833150586113732e+02 8.285599689619168373e+01 2.051207911295801711e+00 9.349843481330776740e+01 9.174087714149528949e+01
1.029916736009770943e+02 9.964170075823740547e+01 1.029916736009770943e+02 1.012764026017845538e+02 9.794087493595957028e+01 1.026874943297942337e+02 5.658998383819456279e+01 9.349843481330776740e+01 1.041408727304238511e+02 7.868929918583582150e+01
1.041408727304238511e+02 1.041408727304238511e+02 1.041408727304238511e+02 8.368277319661953584e+01 7.391962051747385942e+01 8.027410632187817896e+01 5.483242616638207778e+01 9.174087714149527528e+01 7.868929918583582150e+01 1.006257573867988810e+02
