9.460488118088610676e+00 1.020614108399987998e+02 1.020614108399987998e+02 1.020614108399987998e+02 1.020614108399987998e+02 1.020614108399987998e+02 1.020614108399987998e+02 1.020614108399987998e+02 1.020614108399987998e+02 1.020614108399987998e+02
1.020614108399987998e+02 8.894354342221168963e+01 7.287977925397197509e+01 7.904939827802397190e+01 7.904939827802397190e+01 8.910900305451033887e+01 9.323338836789532991e+01 6.780181915673601623e+01 1.003565821757983088e+02 7.904939827802398611e+01
1.020614108399987998e+02 7.287977925397197509e+01 1.003565821757983088e+02 7.207749473673764840e+01 6.755641159946597440e+01 9.023917037727372303e+01 8.767815925771866148e+01 7.904939827802398611e+01 8.070625571643233798e+01 7.207749473673764840e+01
1.020614108399987998e+02 7.904939827802398611e+01 7.207749473673764840e+01 1.003565821757983088e+02 6.916754647541758061e+01 9.023917037727372303e+01 8.069681988984842747e+01 7.452291451867446881e+01 5.917882501081600566e+01 6.113050537661310102e+01
1.020614108399987998e+02 7.904939827802398611e+01 6.755641159946597440e+01 6.916754647541758061e+01 1.003565821757983088e+02 9.023917037727372303e+01 8.767815925771866148e+01 7.613945001670391832e+01 8.070625571643233798e+01 6.916754647541758061e+01
1.020614108399987998e+02 8.910900305451033887e+01 9.023917037727372303e+01 9.023917037727372303e+01 9.023917037727372303e+01 1.003565821757983088e+02 8.882249594616405375e+01 7.860350849594099998e+01 8.582827795554243266e+01 9.023917037727372303e+01
1.020614108399987998e+02 9.323338836789531570e+01 8.767815925771866148e+01 8.069681988984842747e+01 8.767815925771866148e+01 8.882249594616405375e+01 1.003565821757983088e+02 9.323338836789531570e+01 6.040902012318191083e+01 7.346659451805322760e+01
1.020614108399987998e+02 6.780181915673601623e+01 7.904939827802397190e+01 7.452291451867446881e+01 7.613945001670390411e+01 7.860350849594101419e+01 9.323338836789532991e+01 8.894354342221168963e+01 1.003565821757983088e+02 7.508374828576967275e+01
1.020614108399987998e+02 1.003565821757983088e+02 8.070625571643232377e+01 5.917882501081600566e+01 8.070625571643232377e+01 8.582827795554243266e+01 6.040902012318191083e+01 1.003565821757983088e+02 3.313057178558542404e+01 6.040902012318191083e+01
1.020614108399987998e+02 7.904939827802397190e+01 7.207749473673764840e+01 6.113050537661310813e+01 6.916754647541758061e+01 9.023917037727372303e+01 7.346659451805322760e+01 7.508374828576967275e+01 6.040902012318191083e+01 1.003565821757983088e+02
