1.022775839503749467e+02 8.756515111476444702e+01 7.922347421355969743e+01 9.902663113853944310e+01 8.216234767426907126e+01 9.450519792449125589e+01 1.015698937232393746e+02 8.879725055420300350e+01 8.569469557364313061e+01 8.569469557364313061e+01
8.756515111476443280e+01 5.211875806202762584e-01 1.022775839503749467e+02 9.648336855383951161e+01 1.022775839503749467e+02 1.022775839503749467e+02 1.022775839503749467e+02 1.022775839503749467e+02 1.022775839503749467e+02 1.022775839503749467e+02
7.922347421355968322e+01 1.022775839503749467e+02 1.008622034961038167e+02 8.026024741122134287e+01 8.145465744713349920e+01 9.379750769735568383e+01 7.003313565299198729e+01 7.800842778459788462e+01 7.024563322556004152e+01 7.024563322556004152e+01
9.902663113853944310e+01 9.648336855383951161e+01 8.026024741122132866e+01 1.022775839503749467e+02 1.015698937232393746e+02 1.015698937232393746e+02 7.074082588012754513e+01 9.148876118076981356e+01 8.682852160229185756e+01 8.682852160229185756e+01
8.216234767426907126e+01 1.022775839503749467e+02 8.145465744713349920e+01 1.015698937232393746e+02 8.673281189860756513e+01 4.587807297274261487e+01 1.008622034961038167e+02 8.455721242769338630e+01 7.884315189146104785e+01 7.884315189146104785e+01
9.450519792449125589e+01 1.022775839503749467e+02 9.379750769735568383e+01 1.015698937232393746e+02 4.587807297274261487e+01 2.324508559075940006e+00 1.008622034961038167e+02 9.379750769735568383e+01 9.379750769735568383e+01 9.379750769735568383e+01
1.015698937232393746e+02 1.022775839503749467e+02 7.003313565299198729e+01 7.074082588012754513e+01 1.008622034961038167e+02 1.008622034961038167e+02 4.189671501231370598e+01 8.069993841116470890e+01 6.152746650940972017e+01 6.840798574760698614e+01
8.879725055420300350e+01 1.022775839503749467e+02 7.800842778459788462e+01 9.148876118076982777e+01 8.455721242769338630e+01 9.379750769735568383e+01 8.069993841116470890e+01 1.008622034961038167e+02 7.800842778459788462e+01 7.800842778459788462e+01
8.569469557364313061e+01 1.022775839503749467e+02 7.024563322556004152e+01 8.682852160229185756e+01 7.884315189146104785e+01 9.379750769735568383e+01 6.152746650940972728e+01 7.800842778459788462e+01 1.008622034961038167e+02 5.894609722833941134e+01
8.569469557364313061e+01 1.022775839503749467e+02 7.024563322556004152e+01 8.682852160229185756e+01 7.884315189146104785e+01 9.379750769735568383e+01 6.840798574760697193e+01 7.800842778459788462e+01 5.894609722833941134e+01 1.008622034961038167e+02
