9.693603337939957498e+01 1.008636152567133166e+02 8.091507126098738922e+01 6.235663364792490881e+01 5.705411160951632610e+01 8.119695948955444464e+01 7.623294443871786541e+01 1.008636152567133166e+02 8.951069889091584741e+01 1.016899451822426528e+02
1.008636152567133166e+02 1.016899451822426528e+02 8.942826165244089509e+01 1.008636152567133166e+02 1.008636152567133166e+02 9.335669370245480536e+01 1.008636152567133166e+02 7.909837470065102139e+01 9.335669370245480536e+01 7.799290804816845935e+01
8.091507126098738922e+01 8.942826165244088088e+01 1.016899451822426528e+02 9.931298928082111388e+01 5.994450044070367767e+01 1.000883022687672224e+02 8.025167399004818947e+01 1.010791486908663188e+02 1.000883022687672224e+02 7.654483210216947953e+01
6.235663364792490881e+01 1.008636152567133166e+02 9.931298928082111388e+01 7.652488318743301043e+00 9.693603337939957498e+01 5.680654692473972744e+01 9.693603337939957498e+01 1.008636152567133166e+02 8.053473842653994552e+01 1.016899451822426528e+02
5.705411160951632610e+01 1.008636152567133166e+02 5.994450044070367767e+01 9.693603337939957498e+01 2.334436130006469057e+01 9.848665935529177773e+01 5.717162914794494810e+01 1.008636152567133166e+02 9.848665935529177773e+01 1.016899451822426528e+02
8.119695948955444464e+01 9.335669370245481957e+01 1.000883022687672081e+02 5.680654692473972744e+01 9.848665935529177773e+01 1.000372853311839805e+02 9.848665935529177773e+01 9.335669370245481957e+01 6.829879957158209436e+01 1.016899451822426528e+02
7.623294443871787962e+01 1.008636152567133166e+02 8.025167399004818947e+01 9.693603337939957498e+01 5.717162914794494810e+01 9.848665935529177773e+01 9.428244429564276174e+01 1.008636152567133166e+02 9.848665935529177773e+01 1.016899451822426528e+02
1.008636152567133166e+02 7.909837470065102139e+01 1.010791486908663330e+02 1.008636152567133166e+02 1.008636152567133166e+02 9.335669370245480536e+01 1.008636152567133166e+02 1.016899451822426528e+02 9.335669370245480536e+01 1.012946821250193352e+02
8.951069889091584741e+01 9.335669370245481957e+01 1.000883022687672081e+02 8.053473842653994552e+01 9.848665935529177773e+01 6.829879957158209436e+01 9.848665935529177773e+01 9.335669370245481957e+01 1.000372853311839805e+02 1.016899451822426528e+02
1.016899451822426528e+02 7.799290804816845935e+01 7.654483210216947953e+01 1.016899451822426528e+02 1.016899451822426528e+02 1.016899451822426528e+02 1.016899451822426528e+02 1.012946821250193210e+02 1.016899451822426528e+02 1.081485659869774185e+00
