9.548385012907661462e+01 9.886314424516723420e+01 9.402511301652347697e+01 1.037011754738109914e+02 7.617591982249246030e+01 9.775565969318748216e+01 7.246611616746275786e+01 9.886314424516723420e+01 9.653319982203962013e+01 9.886314424516723420e+01
9.886314424516723420e+01 1.037011754738109914e+02 7.593946516962679993e+01 8.256822947689421710e+01 7.903936162275840616e+01 9.576099710027961009e+01 9.353103948380930888e+01 8.576621539912808601e+01 9.109832016048601133e+01 8.103207676424572981e+01
9.402511301652347697e+01 7.593946516962678572e+01 7.415543108364495595e+01 1.037011754738109914e+02 9.813377568889066538e+01 7.088217804679672440e+01 6.781840239315555152e+01 7.338580217807587758e+01 9.959251280144380303e+01 8.419416464384561039e+01
1.037011754738109914e+02 8.256822947689423131e+01 1.037011754738109914e+02 6.150707956524540521e+01 8.256822947689423131e+01 1.037011754738109914e+02 1.037011754738109914e+02 7.455079075682465373e+01 6.972007428804984386e+01 6.972007428804982965e+01
7.617591982249246030e+01 7.903936162275840616e+01 9.813377568889066538e+01 8.256822947689421710e+01 1.037011754738109914e+02 1.003637333053609382e+02 7.657477883982994626e+01 9.036895160420942830e+01 9.109832016048599712e+01 9.036895160420942830e+01
9.775565969318748216e+01 9.576099710027961009e+01 7.088217804679672440e+01 1.037011754738109914e+02 1.003637333053609382e+02 1.014862063698514874e+02 7.688105383117746783e+01 8.021849599962752109e+01 1.010931018616375070e+02 9.576099710027961009e+01
7.246611616746277207e+01 9.353103948380930888e+01 6.781840239315556573e+01 1.037011754738109914e+02 7.657477883982994626e+01 7.688105383117746783e+01 9.256637590397033932e+01 7.627161698596313499e+01 9.959251280144380303e+01 9.353103948380930888e+01
9.886314424516723420e+01 8.576621539912808601e+01 7.338580217807589179e+01 7.455079075682465373e+01 9.036895160420944251e+01 8.021849599962752109e+01 7.627161698596313499e+01 1.037011754738109914e+02 8.304498339778245963e+01 7.771287863642453431e+01
9.653319982203962013e+01 9.109832016048599712e+01 9.959251280144380303e+01 6.972007428804984386e+01 9.109832016048599712e+01 1.010931018616375070e+02 9.959251280144380303e+01 8.304498339778245963e+01 1.037011754738109914e+02 7.659951077445342094e+01
9.886314424516723420e+01 8.103207676424572981e+01 8.419416464384562460e+01 6.972007428804984386e+01 9.036895160420944251e+01 9.576099710027961009e+01 9.353103948380930888e+01 7.771287863642453431e+01 7.659951077445343515e+01 1.037011754738109914e+02
