8.958151703327267512e+01 7.498934020659402222e+01 1.004301920934007910e+02 8.640394729972325649e+01 1.004301920934007910e+02 8.064510224062756549e+01 8.640394729972322807e+01 8.683279398879328426e+01 8.640394729972322807e+01 1.004301920934007910e+02
7.498934020659402222e+01 1.004301920934007910e+02 9.562716660555544479e+01 9.745419031689098688e+01 7.988674416502298925e+01 9.500585456333672596e+01 9.745419031689098688e+01 7.354070730181507543e+01 9.745419031689098688e+01 9.990252607044523359e+01
1.004301920934007910e+02 9.562716660555545900e+01 9.937486004748969037e+01 7.643173951829760426e+01 7.413782501695700944e+01 1.004301920934007910e+02 7.732195382574903419e+01 9.562716660555545900e+01 8.307214886312701196e+01 6.571410563285320450e+01
8.640394729972325649e+01 9.745419031689098688e+01 7.643173951829760426e+01 1.004301920934007910e+02 9.990252607044524780e+01 7.485233068623281838e+01 5.686755937650190162e+01 9.745419031689098688e+01 6.261775441387986518e+01 6.624177165580876192e+01
1.004301920934007910e+02 7.988674416502298925e+01 7.413782501695699523e+01 9.990252607044523359e+01 8.227342218793052098e+01 1.004301920934007910e+02 9.990252607044524780e+01 7.262638314529138484e+01 9.990252607044524780e+01 9.937486004748969037e+01
8.064510224062756549e+01 9.500585456333672596e+01 1.004301920934007910e+02 7.485233068623281838e+01 1.004301920934007910e+02 8.824348691714617132e+01 7.666528833861222836e+01 9.500585456333672596e+01 7.666528833861222836e+01 1.004301920934007910e+02
8.640394729972322807e+01 9.745419031689098688e+01 7.732195382574903419e+01 5.686755937650190162e+01 9.990252607044523359e+01 7.666528833861221415e+01 1.004301920934007910e+02 9.745419031689098688e+01 5.886699032007737031e+01 6.624177165580876192e+01
8.683279398879327005e+01 7.354070730181507543e+01 9.562716660555544479e+01 9.745419031689098688e+01 7.262638314529138484e+01 9.500585456333672596e+01 9.745419031689098688e+01 1.004301920934007910e+02 9.745419031689098688e+01 9.990252607044523359e+01
8.640394729972322807e+01 9.745419031689098688e+01 8.307214886312699775e+01 6.261775441387986518e+01 9.990252607044523359e+01 7.666528833861221415e+01 5.886699032007737031e+01 9.745419031689098688e+01 1.004301920934007910e+02 5.840407682912588427e+01
1.004301920934007910e+02 9.990252607044524780e+01 6.571410563285320450e+01 6.624177165580876192e+01 9.937486004748969037e+01 1.004301920934007910e+02 6.624177165580876192e+01 9.990252607044524780e+01 5.840407682912588427e+01 2.875626589225381124e+01
