6.779943859573795351e+01 1.014261116877541298e+02 1.012197982918850272e+02 1.014261116877541298e+02 1.014261116877541298e+02 1.012197982918850272e+02 1.010134848960159246e+02 1.012197982918850272e+02 1.010134848960159246e+02 1.012197982918850272e+02
1.014261116877541298e+02 9.611227322732602829e+01 8.191870212877748259e+01 8.323441219687964576e+01 1.008135142014940016e+02 8.944760419576530808e+01 1.014261116877541298e+02 8.944760419576530808e+01 1.014261116877541298e+02 8.944760419576530808e+01
1.012197982918850272e+02 8.191870212877749680e+01 1.014261116877541298e+02 8.471602118355170319e+01 1.011198129446240728e+02 7.644142244284655874e+01 6.692289314310042414e+01 7.060748663424440963e+01 6.108895733449828214e+01 7.644142244284655874e+01
1.014261116877541298e+02 8.323441219687964576e+01 8.471602118355171740e+01 1.008135142014940016e+02 8.181191715596744984e+01 9.062291443930730850e+01 1.014261116877541298e+02 9.062291443930730850e+01 1.014261116877541298e+02 9.062291443930730850e+01
1.014261116877541298e+02 1.008135142014940016e+02 1.011198129446240728e+02 8.181191715596744984e+01 1.569996904466835907e+01 1.011198129446240728e+02 1.014261116877541298e+02 1.011198129446240728e+02 1.014261116877541298e+02 1.011198129446240728e+02
1.012197982918850272e+02 8.944760419576532229e+01 7.644142244284655874e+01 9.062291443930730850e+01 1.011198129446240728e+02 1.014261116877541298e+02 6.691080051469722889e+01 6.414681341327089115e+01 7.275682895170257325e+01 5.452199977715495294e+01
1.010134848960159246e+02 1.014261116877541298e+02 6.692289314310042414e+01 1.014261116877541298e+02 1.014261116877541298e+02 6.691080051469721468e+01 4.408754621565100251e+01 6.493684419707227562e+01 2.970470847391790414e+01 6.691080051469721468e+01
1.012197982918850272e+02 8.944760419576532229e+01 7.060748663424440963e+01 9.062291443930730850e+01 1.011198129446240728e+02 6.414681341327089115e+01 6.493684419707227562e+01 1.014261116877541298e+02 5.837399120996946777e+01 6.372571669871916100e+01
1.010134848960159246e+02 1.014261116877541298e+02 6.108895733449827503e+01 1.014261116877541298e+02 1.014261116877541298e+02 7.275682895170257325e+01 2.970470847391790059e+01 5.837399120996946067e+01 1.128651054431716183e+01 7.275682895170257325e+01
1.012197982918850272e+02 8.944760419576530808e+01 7.644142244284655874e+01 9.062291443930730850e+01 1.011198129446240728e+02 5.452199977715495294e+01 6.691080051469721468e+01 6.372571669871916100e+01 7.275682895170257325e+01 1.014261116877541298e+02
