1.007867142222660846e+02 6.094495734694120159e+01 7.657640064493074306e+01 7.847443330491392999e+01 8.297958409303097937e+01 9.755822337199133187e+01 6.869964817616678943e+01 8.541527113585227937e+01 9.601186561627002902e+01 5.829307054739345517e+01
6.094495734694120159e+01 1.350774291490102419e+00 4.710651337722489274e+01 5.997413041429488345e+01 9.220784394292027741e+01 9.326878823231842830e+01 6.364797210919191173e+01 1.018476585116642354e+02 9.123701701027397348e+01 1.007867142222660846e+02
7.657640064493074306e+01 4.710651337722488563e+01 8.362897366357449869e+01 7.560557371228443913e+01 9.046902942202873987e+01 7.796232035443830455e+01 7.792790802605610168e+01 1.018476585116642354e+02 7.672655620489493344e+01 1.007867142222660846e+02
7.847443330491392999e+01 5.997413041429488345e+01 7.560557371228442491e+01 9.884506035697344828e+01 9.601186561627002902e+01 9.707280990566817991e+01 8.173192969940583907e+01 1.018476585116642354e+02 8.188283303363797927e+01 1.007867142222660846e+02
8.297958409303097937e+01 9.220784394292029162e+01 9.046902942202872566e+01 9.601186561627002902e+01 1.007867142222660846e+02 9.581940885109978012e+01 7.408827850155887518e+01 8.832996352210201962e+01 9.427305109537847727e+01 7.375132424314166713e+01
9.755822337199133187e+01 9.326878823231844251e+01 7.796232035443831876e+01 9.707280990566816570e+01 9.581940885109978012e+01 1.029086028010623721e+02 9.755822337199133187e+01 7.857212576465839504e+01 8.256234910028913987e+01 1.018476585116642354e+02
6.869964817616678943e+01 6.364797210919191173e+01 7.792790802605610168e+01 8.173192969940583907e+01 7.408827850155887518e+01 9.755822337199133187e+01 1.007867142222660846e+02 8.832996352210201962e+01 9.601186561627002902e+01 7.375132424314166713e+01
8.541527113585227937e+01 1.018476585116642354e+02 1.018476585116642354e+02 1.018476585116642354e+02 8.832996352210201962e+01 7.857212576465839504e+01 8.832996352210201962e+01 1.029086028010623721e+02 1.018476585116642354e+02 6.898288376004030908e+01
9.601186561627002902e+01 9.123701701027397348e+01 7.672655620489493344e+01 8.188283303363797927e+01 9.427305109537846306e+01 8.256234910028913987e+01 9.601186561627002902e+01 1.018476585116642354e+02 9.884506035697344828e+01 1.007867142222660846e+02
5.829307054739346228e+01 1.007867142222660846e+02 1.007867142222660846e+02 1.007867142222660846e+02 7.375132424314166713e+01 1.018476585116642354e+02 7.375132424314166713e+01 6.898288376004030908e+01 1.007867142222660846e+02 5.462394824399680049e-01
