1.043113213363611038e+02 8.166210773547193469e+01 9.158505936806869840e+01 6.224802882816337046e+01 9.217003379766957494e+01 9.217003379766957494e+01 8.120745937226796229e+01 7.372228450453668813e+01 9.205058657652125476e+01 8.894808691057122019e+01
8.166210773547193469e+01 1.043113213363611038e+02 9.158505936806869840e+01 6.223342826003453609e+01 7.978867793114402218e+01 9.951749769392105804e+01 8.120745937226796229e+01 8.442940625936631704e+01 1.027577083313508979e+02 9.965520866540084910e+01
9.158505936806869840e+01 9.158505936806869840e+01 2.558344312918825469e+00 7.885879739977629299e+01 1.043113213363611038e+02 1.043113213363611038e+02 8.370699981001008894e+01 9.158505936806869840e+01 1.026382611102025777e+02 9.643326177830249435e+01
6.224802882816337757e+01 6.223342826003452899e+01 7.885879739977629299e+01 2.378667413940305053e+01 1.043113213363611038e+02 1.043113213363611038e+02 5.810359740817482077e+01 6.598165696623343024e+01 1.026382611102025777e+02 9.643326177830249435e+01
9.217003379766957494e+01 7.978867793114402218e+01 1.043113213363611038e+02 1.043113213363611038e+02 1.014429897686373039e+02 8.652030829183323135e+01 1.043113213363611038e+02 7.887339752330289855e+01 9.131413193427327712e+01 9.131413193427327712e+01
9.217003379766957494e+01 9.951749769392105804e+01 1.043113213363611038e+02 1.043113213363611038e+02 8.652030829183323135e+01 1.014429897686373039e+02 1.043113213363611038e+02 9.131413193427329134e+01 8.154080462268291285e+01 7.824097998544718280e+01
8.120745937226796229e+01 8.120745937226796229e+01 8.370699981001008894e+01 5.810359740817482077e+01 1.043113213363611038e+02 1.043113213363611038e+02 8.855520222024388488e+01 7.896561101900135782e+01 1.026382611102025777e+02 7.864248941361367429e+01
7.372228450453668813e+01 8.442940625936631704e+01 9.158505936806869840e+01 6.598165696623343024e+01 7.887339752330289855e+01 9.131413193427329134e+01 7.896561101900135782e+01 1.043113213363611038e+02 9.119468471312497115e+01 8.809218504717493659e+01
9.205058657652125476e+01 1.027577083313508979e+02 1.026382611102025635e+02 1.026382611102025635e+02 9.131413193427329134e+01 8.154080462268291285e+01 1.026382611102025635e+02 9.119468471312495694e+01 1.043113213363611038e+02 8.142135740153460688e+01
8.894808691057120598e+01 9.965520866540084910e+01 9.643326177830249435e+01 9.643326177830249435e+01 9.131413193427329134e+01 7.824097998544718280e+01 7.864248941361368850e+01 8.809218504717492237e+01 8.142135740153460688e+01 1.043113213363611038e+02
