8.608742896733399164e+01 9.745656349658223405e+01 9.874376666756388943e+01 7.503015821837276178e+01 7.377101202219063225e+01 8.864375297872430792e+01 7.377101202219063225e+01 8.864375297872430792e+01 7.318052026165401003e+01 6.295434850946018912e+01
9.745656349658223405e+01 7.531702648555721469e-01 6.051147484926341491e+01 5.689781239052212669e+01 9.745656349658223405e+01 5.922427167828175953e+01 9.745656349658223405e+01 8.254539654407375338e+01 5.922427167828175953e+01 9.745656349658223405e+01
9.874376666756388943e+01 6.051147484926340780e+01 1.000309698385455448e+02 7.962762075841365572e+01 9.874376666756388943e+01 7.762575950611085318e+01 9.874376666756388943e+01 9.128818319130965619e+01 7.612966236719603330e+01 9.874376666756388943e+01
7.503015821837276178e+01 5.689781239052211959e+01 7.962762075841365572e+01 9.745656349658223405e+01 7.945557928681475346e+01 7.236989070188613482e+01 7.945557928681475346e+01 8.403045313478213529e+01 7.549813395511993974e+01 9.177199623195811284e+01
7.377101202219063225e+01 9.745656349658223405e+01 9.874376666756388943e+01 7.945557928681475346e+01 7.357445595439877195e+01 8.414023047692685964e+01 4.647432104489701032e+01 6.717016240419432904e+01 9.177199623195811284e+01 8.608742896733399164e+01
8.864375297872430792e+01 5.922427167828175243e+01 7.762575950611085318e+01 7.236989070188613482e+01 8.414023047692684543e+01 9.745656349658223405e+01 8.414023047692685964e+01 8.265517388621847772e+01 7.349627270281713720e+01 9.177199623195811284e+01
7.377101202219063225e+01 9.745656349658223405e+01 9.874376666756388943e+01 7.945557928681475346e+01 4.647432104489701032e+01 8.414023047692685964e+01 7.357445595439877195e+01 6.755198424826542691e+01 9.177199623195811284e+01 8.608742896733399164e+01
8.864375297872430792e+01 8.254539654407375338e+01 9.128818319130965619e+01 8.403045313478213529e+01 6.717016240419432904e+01 8.265517388621847772e+01 6.755198424826542691e+01 9.745656349658223405e+01 8.715869638801594022e+01 9.177199623195811284e+01
7.318052026165401003e+01 5.922427167828175243e+01 7.612966236719603330e+01 7.549813395511993974e+01 9.177199623195811284e+01 7.349627270281713720e+01 9.177199623195811284e+01 8.715869638801594022e+01 9.745656349658223405e+01 6.603204975105207097e+01
6.295434850946018912e+01 9.745656349658223405e+01 9.874376666756388943e+01 9.177199623195811284e+01 8.608742896733399164e+01 9.177199623195811284e+01 8.608742896733399164e+01 9.177199623195811284e+01 6.603204975105205676e+01 6.792101101705515021e+01
