7.961165353420879853e+01 6.043333886211766526e+01 7.585271468956653962e+01 8.364383258839805535e+01 6.043333886211766526e+01 7.769405501036843020e+01 8.916892756439978029e+01 8.890748663999778501e+01 8.890748663999778501e+01 8.890748663999778501e+01
6.043333886211766526e+01 7.961165353420879853e+01 7.691042454334674972e+01 7.588238164272168262e+01 4.586367022376037283e+01 7.769405501036843020e+01 8.916892756439978029e+01 8.890748663999778501e+01 8.890748663999778501e+01 8.890748663999778501e+01
7.585271468956653962e+01 7.691042454334674972e+01 1.001209182696271398e+02 8.642276730649668082e+01 7.691042454334674972e+01 8.794868737807760795e+01 9.429624374825436917e+01 8.546396804457648955e+01 8.546396804457648955e+01 8.546396804457648955e+01
8.364383258839805535e+01 7.588238164272169683e+01 8.642276730649668082e+01 1.001209182696271398e+02 7.588238164272169683e+01 8.986628590191796206e+01 9.525504301017454623e+01 7.709475342079019811e+01 8.139395365722046449e+01 7.968769141444123250e+01
6.043333886211766526e+01 4.586367022376037283e+01 7.691042454334674972e+01 7.588238164272168262e+01 7.961165353420879853e+01 7.769405501036843020e+01 8.916892756439978029e+01 8.890748663999778501e+01 8.890748663999778501e+01 8.890748663999778501e+01
7.769405501036843020e+01 7.769405501036843020e+01 8.794868737807760795e+01 8.986628590191796206e+01 7.769405501036843020e+01 4.586916205439833583e+00 5.438022337271681295e+01 5.411878244831483187e+01 5.411878244831483187e+01 5.411878244831483187e+01
8.916892756439976608e+01 8.916892756439976608e+01 9.429624374825435495e+01 9.525504301017453201e+01 8.916892756439976608e+01 5.438022337271681295e+01 1.006438001184311162e+02 7.695119445053228446e+01 7.621446136544804517e+01 7.695119445053228446e+01
8.890748663999778501e+01 8.890748663999778501e+01 8.546396804457648955e+01 7.709475342079019811e+01 8.890748663999778501e+01 5.411878244831483187e+01 7.695119445053228446e+01 1.001209182696271398e+02 6.309010509757821694e+01 6.132234847819872670e+01
8.890748663999778501e+01 8.890748663999778501e+01 8.546396804457648955e+01 8.139395365722046449e+01 8.890748663999778501e+01 5.411878244831483187e+01 7.621446136544804517e+01 6.309010509757821694e+01 1.001209182696271398e+02 6.309010509757821694e+01
8.890748663999778501e+01 8.890748663999778501e+01 8.546396804457648955e+01 7.968769141444123250e+01 8.890748663999778501e+01 5.411878244831483187e+01 7.695119445053228446e+01 6.132234847819872670e+01 6.309010509757821694e+01 1.001209182696271398e+02
