1.035774081468621119e+02 8.964640996767262493e+01 1.021993983798293186e+02 8.726103710150376003e+01 1.018395728272452629e+02 8.840005536544794040e+01 8.840005536544794040e+01 6.382376673960256852e+01 1.021993983798293186e+02 1.021993983798293186e+02
8.964640996767261072e+01 1.001017375076284281e+02 1.008213886127965395e+02 7.724831034168761335e+01 7.539444137316894512e+01 1.035774081468621119e+02 1.035774081468621119e+02 1.035774081468621119e+02 1.008213886127965395e+02 1.008213886127965395e+02
1.021993983798293186e+02 1.008213886127965395e+02 4.653125774050067065e+01 1.021993983798293186e+02 1.008213886127965395e+02 1.035774081468621119e+02 1.035774081468621119e+02 1.035774081468621119e+02 7.615574760080349392e+01 5.220718970545665627e+01
8.726103710150376003e+01 7.724831034168762756e+01 1.021993983798293186e+02 1.035774081468621119e+02 1.018395728272452629e+02 9.706882709490753314e+01 9.706882709490753314e+01 9.706882709490753314e+01 1.021993983798293186e+02 1.021993983798293186e+02
1.018395728272452629e+02 7.539444137316894512e+01 1.008213886127965395e+02 1.018395728272452629e+02 2.789375414085577098e+00 1.035774081468621119e+02 1.035774081468621119e+02 1.035774081468621119e+02 1.008213886127965395e+02 1.008213886127965395e+02
8.840005536544794040e+01 1.035774081468621119e+02 1.035774081468621119e+02 9.706882709490753314e+01 1.035774081468621119e+02 2.791536097955716667e+00 3.537017167180959376e+01 7.322270258403375465e+01 1.035774081468621119e+02 1.035774081468621119e+02
8.840005536544794040e+01 1.035774081468621119e+02 1.035774081468621119e+02 9.706882709490753314e+01 1.035774081468621119e+02 3.537017167180959376e+01 5.271296031405260862e+01 7.322270258403375465e+01 1.035774081468621119e+02 1.035774081468621119e+02
6.382376673960257563e+01 1.035774081468621119e+02 1.035774081468621119e+02 9.706882709490753314e+01 1.035774081468621119e+02 7.322270258403375465e+01 7.322270258403375465e+01 2.467206990102697617e+01 1.035774081468621119e+02 1.035774081468621119e+02
1.021993983798293186e+02 1.008213886127965395e+02 7.615574760080349392e+01 1.021993983798293186e+02 1.008213886127965395e+02 1.035774081468621119e+02 1.035774081468621119e+02 1.035774081468621119e+02 3.021602220803626793e+01 4.869645710319449705e+01
1.021993983798293186e+02 1.008213886127965395e+02 5.220718970545665627e+01 1.021993983798293186e+02 1.008213886127965395e+02 1.035774081468621119e+02 1.035774081468621119e+02 1.035774081468621119e+02 4.869645710319449705e+01 7.615574760080349392e+01
