1.005962526779135260e+02 8.509174972755232602e+01 8.417772664100282043e+01 9.230800698205929677e+01 1.004382873231157589e+02 7.903671712524931081e+01 7.237054234698764787e+01 8.120075214330849178e+01 1.014507573979287258e+02 8.983726752177143737e+01
8.509174972755232602e+01 1.002803219683179918e+02 1.005962526779135260e+02 1.000178084661314131e+02 7.580441804437199949e+01 1.010235050379211259e+02 1.005962526779135260e+02 8.933103248436495392e+01 1.014507573979287258e+02 8.975828484437255383e+01
8.417772664100283464e+01 1.005962526779135260e+02 3.767331064413923514e+00 5.190471621905347632e+01 1.005962526779135260e+02 8.460497900101043456e+01 6.775920060409211487e+01 7.127321770583533578e+01 1.014507573979287258e+02 1.010235050379211259e+02
9.230800698205928256e+01 1.000178084661314131e+02 5.190471621905347632e+01 1.005962526779135260e+02 7.694152457369857245e+01 9.281424201946578023e+01 8.417772664100283464e+01 8.585575251447554024e+01 1.014507573979287258e+02 1.009445223605222424e+02
1.004382873231157589e+02 7.580441804437199949e+01 1.005962526779135260e+02 7.694152457369857245e+01 9.859840654038060848e+01 1.010235050379211259e+02 1.005962526779135260e+02 1.004382873231157589e+02 1.014507573979287258e+02 1.008655396831233588e+02
7.903671712524931081e+01 1.010235050379211259e+02 8.460497900101042035e+01 9.281424201946576602e+01 1.010235050379211259e+02 1.014507573979287258e+02 7.279779470699524779e+01 9.281424201946576602e+01 6.416254617347581757e+01 7.604223590253940301e+01
7.237054234698764787e+01 1.005962526779135260e+02 6.775920060409211487e+01 8.417772664100282043e+01 1.005962526779135260e+02 7.279779470699524779e+01 2.843378050387498357e-01 8.417772664100282043e+01 1.014507573979287258e+02 1.010235050379211259e+02
8.120075214330847757e+01 8.933103248436495392e+01 7.127321770583533578e+01 8.585575251447554024e+01 1.004382873231157589e+02 9.281424201946578023e+01 8.417772664100283464e+01 1.005962526779135260e+02 1.014507573979287258e+02 7.687217897894728935e+01
1.014507573979287258e+02 1.014507573979287258e+02 1.014507573979287258e+02 1.014507573979287258e+02 1.014507573979287258e+02 6.416254617347581757e+01 1.014507573979287258e+02 1.014507573979287258e+02 2.427643384720238995e+00 6.416254617347581757e+01
8.983726752177143737e+01 8.975828484437255383e+01 1.010235050379211259e+02 1.009445223605222424e+02 1.008655396831233588e+02 7.604223590253940301e+01 1.010235050379211259e+02 7.687217897894728935e+01 6.416254617347581757e+01 1.014507573979287258e+02
