2.018479898360016289e+00 5.079388743289655395e+01 1.005222398338663794e+02 1.005222398338663794e+02 7.487050539311101716e+01 1.003926376956490287e+02 8.125554967832347586e+01 6.563595218505786022e+01 1.004574387647577112e+02 1.004574387647577112e+02
5.079388743289656105e+01 7.211204331850463234e+01 1.005222398338663794e+02 1.005222398338663794e+02 7.557775501090338821e+01 1.003926376956490287e+02 8.378634562725449086e+01 6.887399775178124628e+01 1.004574387647577112e+02 1.004574387647577112e+02
1.005222398338663794e+02 1.005222398338663794e+02 1.303792051219595649e+01 5.603335588421559521e+01 1.005222398338663794e+02 1.005222398338663794e+02 6.442603241833303684e+01 1.005222398338663794e+02 6.442603241833303684e+01 1.004062209777073917e+02
1.005222398338663794e+02 1.005222398338663794e+02 5.603335588421560232e+01 1.002902021215483899e+02 1.005222398338663794e+02 1.005222398338663794e+02 8.241612669802020719e+01 1.005222398338663794e+02 8.241612669802020719e+01 8.841971851209515876e+01
7.487050539311101716e+01 7.557775501090338821e+01 1.005222398338663794e+02 1.005222398338663794e+02 8.045796593888690040e+01 1.003926376956490287e+02 8.769637261348869117e+01 6.000828526997638335e+01 1.004574387647577112e+02 1.004574387647577112e+02
1.003926376956490287e+02 1.003926376956490287e+02 1.005222398338663794e+02 1.005222398338663794e+02 1.003926376956490287e+02 7.036510269998403011e+00 1.004574387647577112e+02 1.003926376956490287e+02 5.265081617905490674e+01 5.296896714169887588e+01
8.125554967832347586e+01 8.378634562725449086e+01 6.442603241833303684e+01 8.241612669802020719e+01 8.769637261348869117e+01 1.004574387647577112e+02 1.005222398338663794e+02 8.284963553097196609e+01 7.703870185856396802e+01 1.004318298712325372e+02
6.563595218505786022e+01 6.887399775178124628e+01 1.005222398338663794e+02 1.005222398338663794e+02 6.000828526997638335e+01 1.003926376956490287e+02 8.284963553097196609e+01 6.928304484733514812e+01 1.004574387647577112e+02 1.004574387647577112e+02
1.004574387647577112e+02 1.004574387647577112e+02 6.442603241833303684e+01 8.241612669802020719e+01 1.004574387647577112e+02 5.265081617905491385e+01 7.703870185856396802e+01 1.004574387647577112e+02 1.005222398338663794e+02 7.628239010458636926e+01
1.004574387647577112e+02 1.004574387647577112e+02 1.004062209777073917e+02 8.841971851209515876e+01 1.004574387647577112e+02 5.296896714169888298e+01 1.004318298712325372e+02 1.004574387647577112e+02 7.628239010458636926e+01 1.005222398338663794e+02
