1.014032714672962499e+02 1.009058445245476037e+02 1.009058445245476037e+02 1.009058445245476037e+02 1.009058445245476037e+02 9.279905961040824991e+01 1.009058445245476037e+02 1.009058445245476037e+02 1.009058445245476037e+02 8.247424081542509100e+01
1.009058445245476037e+02 7.391918744422328302e+01 8.156288888691138084e+01 8.156288888691139505e+01 1.000510562848060943e+02 1.014032714672962499e+02 8.156288888691139505e+01 6.307472148901666742e+01 8.156288888691138084e+01 1.002297369333025188e+02
1.009058445245476037e+02 8.156288888691136663e+01 1.000510562848060943e+02 7.014128186641713114e+01 7.263667263085817183e+01 1.014032714672962499e+02 6.094509911210407438e+01 6.561867295671892464e+01 5.921755360416381109e+01 7.833997142464409080e+01
1.009058445245476037e+02 8.156288888691138084e+01 7.014128186641713114e+01 1.000510562848060943e+02 7.314926976923462121e+01 1.014032714672962499e+02 7.763480673312884051e+01 6.561867295671892464e+01 7.763480673312885472e+01 9.502967904566887114e+01
1.009058445245476037e+02 1.000510562848060943e+02 7.263667263085815762e+01 7.314926976923462121e+01 7.925082473427144691e+01 1.014032714672962499e+02 7.296123288851399025e+01 1.000510562848060943e+02 7.263667263085815762e+01 7.313991353701041476e+01
9.279905961040824991e+01 1.014032714672962499e+02 1.014032714672962499e+02 1.014032714672962499e+02 1.014032714672962499e+02 1.053010751949339685e+00 1.014032714672962499e+02 1.014032714672962499e+02 1.014032714672962499e+02 1.014032714672962499e+02
1.009058445245476037e+02 8.156288888691138084e+01 6.094509911210407438e+01 7.763480673312884051e+01 7.296123288851399025e+01 1.014032714672962499e+02 1.000510562848060943e+02 5.178537735604918169e+01 5.476489763937481570e+01 7.629745317385786052e+01
1.009058445245476037e+02 6.307472148901666742e+01 6.561867295671892464e+01 6.561867295671892464e+01 1.000510562848060943e+02 1.014032714672962499e+02 5.178537735604918169e+01 3.581798375910169696e+00 5.325827001126040017e+01 1.002297369333025188e+02
1.009058445245476037e+02 8.156288888691136663e+01 5.921755360416381109e+01 7.763480673312884051e+01 7.263667263085817183e+01 1.014032714672962499e+02 5.476489763937480859e+01 5.325827001126040017e+01 1.000510562848060943e+02 7.833997142464409080e+01
8.247424081542507679e+01 1.002297369333025188e+02 7.833997142464409080e+01 9.502967904566887114e+01 7.313991353701042897e+01 1.014032714672962499e+02 7.629745317385786052e+01 1.002297369333025188e+02 7.833997142464409080e+01 1.004084175817989575e+02
