7.645633165455267388e+00 5.523929927591511557e+01 1.014189242466980971e+02 1.014189242466980971e+02 1.014189242466980971e+02 6.786207233940616845e+01 1.014189242466980971e+02 1.014189242466980971e+02 6.786207233940616845e+01 6.786207233940616845e+01
5.523929927591511557e+01 1.014189242466980971e+02 1.008306164993652914e+02 8.076680420576620634e+01 9.269332082241281512e+01 8.434634441938574412e+01 9.174249387668734812e+01 1.008306164993652914e+02 8.434634441938574412e+01 8.434634441938574412e+01
1.014189242466980971e+02 1.008306164993652914e+02 8.482241069055569938e+01 8.646513801802453258e+01 1.002423087520324856e+02 9.084975418399882585e+01 9.026144643666602008e+01 7.648427570265810971e+01 7.468749318404344706e+01 7.538688461749346459e+01
1.014189242466980971e+02 8.076680420576620634e+01 8.646513801802451837e+01 1.002423087520324856e+02 9.210501307508000934e+01 9.470472869936804727e+01 8.502829832935729826e+01 7.633783386606262411e+01 9.090842028072653136e+01 9.697564198399608415e+01
1.014189242466980971e+02 9.269332082241281512e+01 1.002423087520324856e+02 9.210501307508000934e+01 2.516527695175521922e-03 1.008306164993652914e+02 9.210501307508000934e+01 1.002423087520324856e+02 1.008306164993652914e+02 1.008306164993652914e+02
6.786207233940616845e+01 8.434634441938574412e+01 9.084975418399884006e+01 9.470472869936803306e+01 1.008306164993652914e+02 1.014189242466980971e+02 9.323316157341842825e+01 7.536227931299598026e+01 7.256474444280183889e+01 7.483565772742987576e+01
1.014189242466980971e+02 9.174249387668736233e+01 9.026144643666603429e+01 8.502829832935729826e+01 9.210501307508000934e+01 9.323316157341842825e+01 1.002423087520324856e+02 8.651896602608837838e+01 9.470472869936804727e+01 9.697564198399608415e+01
1.014189242466980971e+02 1.008306164993652914e+02 7.648427570265810971e+01 7.633783386606262411e+01 1.002423087520324856e+02 7.536227931299596605e+01 8.651896602608837838e+01 7.573875755204353766e+01 8.478253248072928727e+01 9.312066746862687694e+01
6.786207233940616845e+01 8.434634441938574412e+01 7.468749318404344706e+01 9.090842028072653136e+01 1.008306164993652914e+02 7.256474444280183889e+01 9.470472869936804727e+01 8.478253248072930148e+01 1.014189242466980971e+02 7.212951452581911838e+01
6.786207233940616845e+01 8.434634441938574412e+01 7.538688461749346459e+01 9.697564198399608415e+01 1.008306164993652914e+02 7.483565772742987576e+01 9.697564198399608415e+01 9.312066746862691957e+01 7.212951452581911838e+01 1.014189242466980971e+02
