3.312978016666891534e+01 8.664204282519621358e+01 9.578462761331394404e+01 8.664204282519621358e+01 1.049272124014316603e+02 5.698200318973258760e+01 5.698200318973259471e+01 5.698200318973259471e+01 8.664204282519621358e+01 9.578462761331394404e+01
8.664204282519621358e+01 3.482985437732123626e-04 8.747681975951832101e+01 5.377506581692073695e+01 1.049272124014316603e+02 7.833423497140060476e+01 7.490760486250108841e+01 5.101355818386658569e+01 7.002642711760499594e+01 8.405018965061880465e+01
9.578462761331394404e+01 8.747681975951833522e+01 1.049272124014316603e+02 8.747681975951833522e+01 8.040420802040728177e+01 7.644039358401630579e+01 9.163072368641614673e+01 9.163072368641614673e+01 6.993654009560844997e+01 8.640670056027140333e+01
8.664204282519621358e+01 5.377506581692073695e+01 8.747681975951832101e+01 6.317316689980595612e+01 1.049272124014316603e+02 7.833423497140060476e+01 7.152886868008960164e+01 7.020855432105847171e+01 7.002642711760499594e+01 8.157375431513054309e+01
1.049272124014316603e+02 1.049272124014316603e+02 8.040420802040728177e+01 1.049272124014316603e+02 6.574595032061726840e+01 1.049272124014316603e+02 1.049272124014316603e+02 1.049272124014316603e+02 1.049272124014316603e+02 7.723061242043993957e+01
5.698200318973259471e+01 7.833423497140060476e+01 7.644039358401630579e+01 7.833423497140060476e+01 1.049272124014316603e+02 8.664204282519621358e+01 6.216985347154543717e+01 6.173605706457460940e+01 6.079395530749072663e+01 9.163072368641614673e+01
5.698200318973259471e+01 7.490760486250108841e+01 9.163072368641613252e+01 7.152886868008958743e+01 1.049272124014316603e+02 6.216985347154543717e+01 8.664204282519621358e+01 6.045653841709567189e+01 7.833423497140060476e+01 8.744097329647809147e+01
5.698200318973259471e+01 5.101355818386658569e+01 9.163072368641613252e+01 7.020855432105847171e+01 1.049272124014316603e+02 6.173605706457460229e+01 6.045653841709567189e+01 8.664204282519621358e+01 7.833423497140060476e+01 8.991740863196636724e+01
8.664204282519621358e+01 7.002642711760499594e+01 6.993654009560844997e+01 7.002642711760499594e+01 1.049272124014316603e+02 6.079395530749071952e+01 7.833423497140060476e+01 7.833423497140060476e+01 5.676624918645117646e+01 8.747681975951833522e+01
9.578462761331394404e+01 8.405018965061880465e+01 8.640670056027140333e+01 8.157375431513054309e+01 7.723061242043993957e+01 9.163072368641613252e+01 8.744097329647809147e+01 8.991740863196636724e+01 8.747681975951832101e+01 1.049272124014316603e+02
