1.070309954607426164e+02 9.849283170403049326e+01 9.643346876589973249e+01 9.849283170403049326e+01 1.038613772123273407e+02 1.038613772123273407e+02 9.679545948084950169e+01 9.643346876589973249e+01 7.432525265518611945e+01 8.166540648732910768e+01
9.849283170403047905e+01 1.006917589639120507e+02 9.179410174538281808e+01 8.308510259578783064e+01 9.363353554344728025e+01 9.640933272418128297e+01 8.688644224325953758e+01 9.116890642782966836e+01 8.995466794731835591e+01 8.995466794731835591e+01
9.643346876589971828e+01 9.179410174538281808e+01 1.006917589639120507e+02 8.082952831624690759e+01 7.170438868517547348e+01 9.703452804173444690e+01 9.009672952220182651e+01 8.573674739970182657e+01 8.583594207105682017e+01 8.183795066350658942e+01
9.849283170403047905e+01 8.308510259578783064e+01 8.082952831624690759e+01 1.006917589639120507e+02 6.826169255161967442e+01 9.703452804173444690e+01 9.179410174538281808e+01 9.179410174538281808e+01 8.995466794731835591e+01 8.995466794731835591e+01
1.038613772123273264e+02 9.363353554344729446e+01 7.170438868517547348e+01 6.826169255161967442e+01 1.173689640282374214e+00 9.337729711955682887e+01 9.363353554344728025e+01 9.363353554344728025e+01 1.006917589639120507e+02 1.006917589639120507e+02
1.038613772123273264e+02 9.640933272418129718e+01 9.703452804173443269e+01 9.703452804173443269e+01 9.337729711955682887e+01 1.001792821161311480e+02 9.640933272418129718e+01 8.168016720477973536e+01 1.006917589639120507e+02 1.006917589639120507e+02
9.679545948084948748e+01 8.688644224325955179e+01 9.009672952220182651e+01 9.179410174538281808e+01 9.363353554344729446e+01 9.640933272418129718e+01 1.006917589639120507e+02 8.947153420464867679e+01 8.655992350095637278e+01 8.655992350095637278e+01
9.643346876589971828e+01 9.116890642782968257e+01 8.573674739970181236e+01 9.179410174538281808e+01 9.363353554344729446e+01 8.168016720477974957e+01 8.947153420464867679e+01 1.006917589639120507e+02 8.583594207105682017e+01 7.247268686601221077e+01
7.432525265518611945e+01 8.995466794731835591e+01 8.583594207105682017e+01 8.995466794731835591e+01 1.006917589639120507e+02 1.006917589639120507e+02 8.655992350095637278e+01 8.583594207105682017e+01 3.540138409905117189e+00 3.801721827085916061e+01
8.166540648732912189e+01 8.995466794731835591e+01 8.183795066350658942e+01 8.995466794731835591e+01 1.006917589639120507e+02 1.006917589639120507e+02 8.655992350095637278e+01 7.247268686601221077e+01 3.801721827085916061e+01 7.098012517820160383e+01
