1.001805885441968940e+02 7.049995138348599255e+01 1.009107405809071025e+02 8.705307641291230425e+01 7.675799347279451013e+01 8.065110970576971283e+01 8.065110970576971283e+01 7.996447616709724571e+01 7.687628451399626783e+01 8.677935449411984337e+01
7.049995138348599255e+01 7.603302578904695963e+01 1.009107405809071025e+02 1.005456645625519911e+02 8.421369093364671699e+01 7.441871020030907857e+01 7.648049118828930659e+01 8.421369093364671699e+01 6.480250313642130777e+01 1.002719426437595303e+02
1.009107405809071025e+02 1.009107405809071025e+02 4.057937635122231512e+01 9.854372760566255351e+01 1.009107405809071025e+02 1.009107405809071025e+02 1.009107405809071025e+02 1.009107405809071025e+02 1.009107405809071025e+02 1.009107405809071025e+02
8.705307641291230425e+01 1.005456645625519911e+02 9.854372760566255351e+01 1.009107405809071025e+02 8.681687838799354040e+01 7.711620488932027229e+01 7.831534983577316211e+01 9.025955910721503983e+01 1.005456645625519911e+02 7.669516133198888497e+01
7.675799347279451013e+01 8.421369093364671699e+01 1.009107405809071025e+02 8.681687838799355461e+01 1.001805885441968940e+02 8.041491168085096319e+01 8.041491168085096319e+01 6.718691002073342133e+01 8.032057470067150007e+01 8.654315646920107952e+01
8.065110970576972704e+01 7.441871020030907857e+01 1.009107405809071025e+02 7.711620488932027229e+01 8.041491168085096319e+01 1.001805885441968940e+02 6.028706715029795049e+01 8.385759240007244841e+01 8.810680716662193390e+01 7.684248297052781140e+01
8.065110970576972704e+01 7.648049118828930659e+01 1.009107405809071025e+02 7.831534983577316211e+01 8.041491168085096319e+01 6.028706715029795049e+01 1.001805885441968940e+02 8.385759240007244841e+01 8.810680716662193390e+01 7.804162791698070123e+01
7.996447616709724571e+01 8.421369093364671699e+01 1.009107405809071025e+02 9.025955910721503983e+01 6.718691002073340712e+01 8.385759240007244841e+01 8.385759240007244841e+01 1.001805885441968940e+02 8.032057470067150007e+01 8.998583718842257895e+01
7.687628451399626783e+01 6.480250313642130777e+01 1.009107405809071025e+02 1.005456645625519911e+02 8.032057470067150007e+01 8.810680716662193390e+01 8.810680716662193390e+01 8.032057470067150007e+01 6.965878407964862795e+00 1.002719426437595303e+02
8.677935449411984337e+01 1.002719426437595303e+02 1.009107405809071025e+02 7.669516133198888497e+01 8.654315646920107952e+01 7.684248297052781140e+01 7.804162791698070123e+01 8.998583718842257895e+01 1.002719426437595303e+02 1.003632967433221665e+02
