1.007811613512036786e+02 1.012478134330436319e+02 1.012478134330436319e+02 1.004928257649602585e+02 1.012478134330436319e+02 1.004928257649602585e+02 1.004928257649602585e+02 8.636042977400828136e+01 1.012478134330436319e+02 1.004928257649602585e+02
1.012478134330436319e+02 1.020028011011270053e+02 1.007451029788600181e+02 9.155994332659773249e+01 1.007451029788600181e+02 9.155994332659773249e+01 8.266978125926338805e+01 9.129097394516477948e+01 1.007451029788600181e+02 8.266978125926338805e+01
1.012478134330436461e+02 1.007451029788600323e+02 1.020028011011270053e+02 8.559730449716866474e+01 7.536814724520979780e+01 8.357575918204011600e+01 1.004501053939320769e+02 1.010718731018549619e+02 6.076305151643676083e+01 1.004501053939320769e+02
1.004928257649602727e+02 9.155994332659773249e+01 8.559730449716866474e+01 9.889740968673714860e+01 8.559730449716866474e+01 6.380743134283426343e+01 6.275724853205861109e+01 1.011036456399219361e+02 8.559730449716866474e+01 6.709144227165901953e+01
1.012478134330436319e+02 1.007451029788600181e+02 7.536814724520979780e+01 8.559730449716866474e+01 1.020028011011270053e+02 8.315528685972131484e+01 1.004501053939320911e+02 1.010718731018549477e+02 7.494767492289099664e+01 1.004501053939320911e+02
1.004928257649602727e+02 9.155994332659773249e+01 8.357575918204011600e+01 6.380743134283426343e+01 8.315528685972131484e+01 9.889740968673714860e+01 6.014816084745790903e+01 1.011036456399219361e+02 7.930505662157358415e+01 6.709144227165901953e+01
1.004928257649602727e+02 8.266978125926338805e+01 1.004501053939320911e+02 6.275724853205860398e+01 1.004501053939320769e+02 6.014816084745790903e+01 3.528547485658088334e+01 1.011036456399219361e+02 1.004501053939320769e+02 2.640530639898577192e+01
8.636042977400828136e+01 9.129097394516477948e+01 1.010718731018549477e+02 1.011036456399219219e+02 1.010718731018549477e+02 1.011036456399219219e+02 1.011036456399219219e+02 1.020028011011270053e+02 1.010718731018549477e+02 1.011036456399219219e+02
1.012478134330436319e+02 1.007451029788600181e+02 6.076305151643676083e+01 8.559730449716866474e+01 7.494767492289099664e+01 7.930505662157358415e+01 1.004501053939320911e+02 1.010718731018549477e+02 1.020028011011270053e+02 1.004501053939320911e+02
1.004928257649602727e+02 8.266978125926338805e+01 1.004501053939320911e+02 6.709144227165901953e+01 1.004501053939320769e+02 6.709144227165901953e+01 2.640530639898577192e+01 1.011036456399219361e+02 1.004501053939320769e+02 2.638411298120789894e+01
