1.879064513378599699e+01 1.010041360562854180e+02 1.010041360562854180e+02 7.093381040646924873e+01 1.014980962140148506e+02 2.795785441291770468e+01 6.448099523460156490e+01 1.010041360562854180e+02 1.010041360562854180e+02 1.010041360562854180e+02
1.010041360562854180e+02 1.004398675478647078e+02 8.299179837119550029e+01 1.010041360562854180e+02 7.926359996353070869e+01 1.010041360562854180e+02 9.432890281705003588e+01 7.618624200397057677e+01 7.209189168140613901e+01 8.297543551521856386e+01
1.010041360562854180e+02 8.299179837119551451e+01 8.727809115019724118e+01 1.010041360562854180e+02 1.012159619598045026e+02 1.010041360562854180e+02 9.103845871763316211e+01 8.299179837119550029e+01 1.004398675478647078e+02 7.917931555004199140e+01
7.093381040646924873e+01 1.010041360562854180e+02 1.010041360562854180e+02 1.022826827322302989e+01 1.014980962140148506e+02 7.093381040646924873e+01 8.596897323137733338e+01 1.010041360562854180e+02 1.010041360562854180e+02 1.010041360562854180e+02
1.014980962140148506e+02 7.926359996353070869e+01 1.012159619598045026e+02 1.014980962140148506e+02 1.019920563717442832e+02 1.014980962140148506e+02 1.013570290869096766e+02 9.325938939062496047e+01 7.286798609334593380e+01 8.704197402657521820e+01
2.795785441291770468e+01 1.010041360562854180e+02 1.010041360562854180e+02 7.093381040646924873e+01 1.014980962140148506e+02 2.861344717254356684e+00 5.511812283858102290e+01 1.010041360562854180e+02 1.010041360562854180e+02 1.010041360562854180e+02
6.448099523460156490e+01 9.432890281705003588e+01 9.103845871763317632e+01 8.596897323137733338e+01 1.013570290869096766e+02 5.511812283858102290e+01 1.010041360562854180e+02 9.432890281705003588e+01 1.007220018020750558e+02 9.743155770265819626e+01
1.010041360562854180e+02 7.618624200397057677e+01 8.299179837119550029e+01 1.010041360562854180e+02 9.325938939062496047e+01 1.010041360562854180e+02 9.432890281705003588e+01 1.004398675478647078e+02 8.452672240950563776e+01 8.919285087926830613e+01
1.010041360562854180e+02 7.209189168140613901e+01 1.004398675478647078e+02 1.010041360562854180e+02 7.286798609334593380e+01 1.010041360562854180e+02 1.007220018020750558e+02 8.452672240950565197e+01 3.226077769815416829e+00 5.146334519680269892e+01
1.010041360562854180e+02 8.297543551521854965e+01 7.917931555004199140e+01 1.010041360562854180e+02 8.704197402657521820e+01 1.010041360562854180e+02 9.743155770265819626e+01 8.919285087926830613e+01 5.146334519680269182e+01 1.004398675478647078e+02
