1.062168550274663801e+02 8.459020353740264397e+01 1.031645626599340062e+02 8.428819923229031019e+01 8.457333952904652108e+01 8.691012807504449711e+01 1.031942692960854231e+02 1.031942692960854231e+02 8.459020353740264397e+01 8.198111732244373684e+01
8.459020353740264397e+01 1.062168550274663801e+02 1.031645626599340062e+02 8.411791560000818890e+01 1.037388646340072711e+02 1.034665669650463400e+02 1.031942692960854231e+02 1.031942692960854231e+02 8.244454766485233677e+01 8.274366681138400281e+01
1.031645626599340062e+02 1.031645626599340062e+02 1.001716835647044519e+02 9.297452820742867630e+01 1.062168550274663801e+02 7.864856078863269317e+01 7.498456313795347228e+01 6.655810970440958840e+01 1.031645626599340062e+02 1.031645626599340062e+02
8.428819923229029598e+01 8.411791560000817469e+01 9.297452820742867630e+01 1.000528570200988128e+02 1.062168550274663801e+02 1.031942692960854231e+02 1.001716835647044519e+02 1.001716835647044519e+02 8.411791560000817469e+01 8.411791560000817469e+01
8.457333952904650687e+01 1.037388646340072569e+02 1.062168550274663801e+02 1.062168550274663801e+02 9.082452938071251936e+01 7.789098222882402922e+01 1.062168550274663801e+02 1.062168550274663801e+02 1.037388646340072569e+02 7.646011429073811883e+01
8.691012807504449711e+01 1.034665669650463400e+02 7.864856078863267896e+01 1.031942692960854089e+02 7.789098222882404343e+01 1.062168550274663801e+02 7.800714886933444348e+01 6.958069543579054539e+01 1.034665669650463400e+02 1.008574807500874329e+02
1.031942692960854089e+02 1.031942692960854089e+02 7.498456313795347228e+01 1.001716835647044519e+02 1.062168550274663801e+02 7.800714886933444348e+01 2.424032364692713770e+00 2.945845840325729270e+01 1.031942692960854089e+02 1.031942692960854089e+02
1.031942692960854089e+02 1.031942692960854089e+02 6.655810970440958840e+01 1.001716835647044519e+02 1.062168550274663801e+02 6.958069543579054539e+01 2.945845840325729625e+01 4.979744271120250687e+01 1.031942692960854089e+02 1.031942692960854089e+02
8.459020353740264397e+01 8.244454766485233677e+01 1.031645626599340062e+02 8.411791560000818890e+01 1.037388646340072711e+02 1.034665669650463400e+02 1.031942692960854231e+02 1.031942692960854231e+02 1.062168550274663801e+02 8.103790523142858149e+01
8.198111732244373684e+01 8.274366681138400281e+01 1.031645626599340062e+02 8.411791560000818890e+01 7.646011429073811883e+01 1.008574807500874329e+02 1.031942692960854231e+02 1.031942692960854231e+02 8.103790523142858149e+01 1.062168550274663801e+02
