5.228959814760716363e-01 6.682111533456188113e+01 4.219407487678432034e+01 9.891017155180259124e+01 1.038500609235720020e+02 1.038500609235720020e+02 9.273063053112954890e+01 9.397028218003319466e+01 9.891017155180260545e+01 7.164354523174239375e+01
6.682111533456188113e+01 1.038500609235720020e+02 7.302206790017815763e+01 1.010086192951716839e+02 8.074431371080100917e+01 1.031070670385407482e+02 9.791884878483516275e+01 9.891017155180260545e+01 1.010086192951716697e+02 8.737530613514157096e+01
4.219407487678432034e+01 7.302206790017815763e+01 1.425495635894651159e+01 9.891017155180259124e+01 1.038500609235720020e+02 1.038500609235720020e+02 9.273063053112954890e+01 9.397028218003319466e+01 9.891017155180260545e+01 7.302206790017815763e+01
9.891017155180260545e+01 1.010086192951716839e+02 9.891017155180260545e+01 1.038500609235720020e+02 9.329729017199419161e+01 8.348751330544762084e+01 1.004644619584799443e+02 9.005590756338968106e+01 8.677171043441865095e+01 1.004644619584799443e+02
1.038500609235720020e+02 8.074431371080100917e+01 1.038500609235720020e+02 9.329729017199419161e+01 1.023640731535094943e+02 6.230339515598677735e+01 1.025629097018490228e+02 1.038500609235720020e+02 9.049193918268171899e+01 1.025629097018490228e+02
1.038500609235720020e+02 1.031070670385407482e+02 1.038500609235720020e+02 8.348751330544762084e+01 6.230339515598677735e+01 7.790027539731747552e-01 1.020187523651572832e+02 1.038500609235720020e+02 7.787681132682268981e+01 1.020187523651572832e+02
9.273063053112956311e+01 9.791884878483516275e+01 9.273063053112956311e+01 1.004644619584799443e+02 1.025629097018490086e+02 1.020187523651572690e+02 1.038500609235720020e+02 9.891017155180260545e+01 1.004644619584799443e+02 7.339587860111072359e+01
9.397028218003319466e+01 9.891017155180259124e+01 9.397028218003319466e+01 9.005590756338966685e+01 1.038500609235720020e+02 1.038500609235720020e+02 9.891017155180259124e+01 3.658076344129538526e+00 6.486182455335344343e+01 9.891017155180259124e+01
9.891017155180259124e+01 1.010086192951716839e+02 9.891017155180259124e+01 8.677171043441865095e+01 9.049193918268171899e+01 7.787681132682268981e+01 1.004644619584799443e+02 6.486182455335344343e+01 1.038500609235720020e+02 1.004644619584799443e+02
7.164354523174239375e+01 8.737530613514157096e+01 7.302206790017815763e+01 1.004644619584799443e+02 1.025629097018490086e+02 1.020187523651572690e+02 7.339587860111072359e+01 9.891017155180260545e+01 1.004644619584799443e+02 1.038500609235720020e+02
