1.054926511445766977e+02 8.257689492332002601e+01 1.027674930839892085e+02 7.993200838721475066e+01 1.027674930839892085e+02 9.267219400365462434e+01 1.027674930839892085e+02 9.267219400365462434e+01 1.028912396763940365e+02 1.027674930839892085e+02
8.257689492332002601e+01 5.849997016548232409e+01 1.054926511445766977e+02 1.054926511445766977e+02 1.054926511445766977e+02 7.258794793555253477e+01 1.054926511445766977e+02 7.934885036829587079e+01 1.054926511445766977e+02 1.054926511445766977e+02
1.027674930839892085e+02 1.054926511445766977e+02 4.402647308322910646e+01 6.119939944078757321e+01 1.000077322084821674e+02 1.027501916765294254e+02 1.000077322084821674e+02 1.027501916765294254e+02 1.002725268007516064e+02 1.000077322084821674e+02
7.993200838721475066e+01 1.054926511445766977e+02 6.119939944078757321e+01 1.000423350234017192e+02 1.000250336159419362e+02 1.027588423802593240e+02 1.000250336159419362e+02 1.027588423802593240e+02 1.002811775044815050e+02 1.000250336159419362e+02
1.027674930839892085e+02 1.054926511445766977e+02 1.000077322084821674e+02 1.000250336159419362e+02 5.790682558037512084e-01 8.752821879763816071e+01 6.956378645069962374e+01 7.322189433210479592e+01 8.505055392186034169e+01 4.095113751963290127e+01
9.267219400365461013e+01 7.258794793555253477e+01 1.027501916765294254e+02 1.027588423802593240e+02 8.752821879763816071e+01 1.054926511445766977e+02 6.056742007934919059e+01 8.476226472633382514e+01 8.803768453500676117e+01 8.752821879763816071e+01
1.027674930839892085e+02 1.054926511445766977e+02 1.000077322084821674e+02 1.000250336159419362e+02 6.956378645069962374e+01 6.056742007934918348e+01 2.584323149939897490e+01 8.752821879763816071e+01 7.058271792543682466e+01 6.956378645069962374e+01
9.267219400365462434e+01 7.934885036829587079e+01 1.027501916765294254e+02 1.027588423802593240e+02 7.322189433210479592e+01 8.476226472633383935e+01 8.752821879763816071e+01 1.054926511445766977e+02 9.527160253321851258e+01 6.098834805139802739e+01
1.028912396763940507e+02 1.054926511445766977e+02 1.002725268007516206e+02 1.002811775044814908e+02 8.505055392186034169e+01 8.803768453500676117e+01 7.058271792543682466e+01 9.527160253321852679e+01 1.005373213930210596e+02 8.505055392186034169e+01
1.027674930839892085e+02 1.054926511445766977e+02 1.000077322084821674e+02 1.000250336159419362e+02 4.095113751963290127e+01 8.752821879763816071e+01 6.956378645069962374e+01 6.098834805139802029e+01 8.505055392186034169e+01 1.340012278038868132e+00
