9.693263009672682529e+01 7.742835301919824076e+01 1.008516777756410789e+02 1.001828485944637492e+02 1.001828485944637492e+02 9.621563276743569304e+01 1.001828485944637492e+02 9.260018048329570206e+01 1.008516777756410789e+02 9.621563276743569304e+01
7.742835301919825497e+01 1.001828485944637492e+02 1.008076253307375509e+02 8.304317727757057810e+01 8.803966099514883581e+01 9.432975780754775030e+01 8.803966099514883581e+01 9.336868266282640150e+01 8.291726687494588077e+01 9.432975780754775030e+01
1.008516777756410789e+02 1.008076253307375509e+02 1.015205069568184086e+02 1.007635728858340229e+02 9.279048124403900033e+01 1.008076253307375509e+02 9.279048124403900033e+01 9.283453368894252833e+01 8.645256531319417093e+01 1.008076253307375509e+02
1.001828485944637492e+02 8.304317727757059231e+01 1.007635728858340229e+02 8.002070394453670588e+01 7.090264336336296935e+01 7.808142366924072064e+01 7.367947375605243110e+01 1.000947437046566932e+02 8.371200645874792201e+01 7.533095392842706417e+01
1.001828485944637492e+02 8.803966099514882160e+01 9.279048124403900033e+01 7.090264336336296935e+01 1.000066388148496372e+02 9.509825998707844974e+01 5.579841318827980245e+01 7.591718035826301048e+01 8.870849017632615130e+01 9.509825998707844974e+01
9.621563276743569304e+01 9.432975780754775030e+01 1.008076253307375509e+02 7.808142366924072064e+01 9.509825998707846395e+01 1.001828485944637492e+02 9.509825998707846395e+01 9.932624152512597959e+01 9.581114161315932165e+01 6.144222014992919867e+01
1.001828485944637492e+02 8.803966099514882160e+01 9.279048124403900033e+01 7.367947375605243110e+01 5.579841318827980245e+01 9.509825998707844974e+01 1.000066388148496372e+02 7.721719941930582820e+01 8.870849017632615130e+01 9.509825998707844974e+01
9.260018048329570206e+01 9.336868266282640150e+01 9.283453368894252833e+01 1.000947437046566932e+02 7.591718035826301048e+01 9.932624152512597959e+01 7.721719941930582820e+01 1.001828485944637492e+02 1.008076253307375509e+02 9.932624152512597959e+01
1.008516777756410789e+02 8.291726687494588077e+01 8.645256531319417093e+01 8.371200645874792201e+01 8.870849017632615130e+01 9.581114161315932165e+01 8.870849017632615130e+01 1.008076253307375509e+02 1.015205069568184086e+02 9.581114161315932165e+01
9.621563276743569304e+01 9.432975780754775030e+01 1.008076253307375509e+02 7.533095392842706417e+01 9.509825998707846395e+01 6.144222014992919867e+01 9.509825998707846395e+01 9.932624152512597959e+01 9.581114161315932165e+01 1.001828485944637492e+02
