5.246008979318281007e+01 2.819940673673460907e+01 1.002849586184455291e+02 4.315647631061551692e+01 4.237311469792230412e+01 1.001524084562929602e+02 4.237311469792230412e+01 1.015661275017446883e+02 1.001524084562929460e+02 7.168771786386929534e+01
2.819940673673460907e+01 5.246008979318281007e+01 1.002849586184455291e+02 4.315647631061551692e+01 4.237311469792230412e+01 1.001524084562929602e+02 4.237311469792230412e+01 1.015661275017446883e+02 1.001524084562929460e+02 7.168771786386929534e+01
1.002849586184455291e+02 1.002849586184455291e+02 1.828916962597439166e+01 1.002849586184455291e+02 1.002849586184455291e+02 1.002849586184455291e+02 1.002849586184455291e+02 6.108069939946970095e+01 1.002849586184455291e+02 1.002849586184455291e+02
4.315647631061551692e+01 4.315647631061551692e+01 1.002849586184455291e+02 1.665140737731568166e+01 2.562427340776537221e+01 1.001524084562929602e+02 2.230777791937722299e+01 1.015661275017446883e+02 1.001524084562929460e+02 5.640455417456428222e+01
4.237311469792231122e+01 4.237311469792231122e+01 1.002849586184455291e+02 2.562427340776536866e+01 3.385286282804821667e+01 1.001524084562929602e+02 2.409291998330895268e+01 1.015661275017446883e+02 1.001524084562929460e+02 6.292161641244422299e+01
1.001524084562929460e+02 1.001524084562929460e+02 1.002849586184455291e+02 1.001524084562929460e+02 1.001524084562929460e+02 1.002189594171230738e+02 1.001524084562929460e+02 1.015661275017446883e+02 7.658525035951606696e+01 7.863646817014353019e+01
4.237311469792230412e+01 4.237311469792230412e+01 1.002849586184455291e+02 2.230777791937722299e+01 2.409291998330895268e+01 1.001524084562929602e+02 3.385286282804821667e+01 1.015661275017446883e+02 1.001524084562929460e+02 6.273554725990251058e+01
1.015661275017447025e+02 1.015661275017447025e+02 6.108069939946969384e+01 1.015661275017447025e+02 1.015661275017447025e+02 1.015661275017447025e+02 1.015661275017447025e+02 1.028472963850438617e+02 1.015661275017447025e+02 1.015661275017447025e+02
1.001524084562929602e+02 1.001524084562929602e+02 1.002849586184455291e+02 1.001524084562929602e+02 1.001524084562929602e+02 7.658525035951606696e+01 1.001524084562929602e+02 1.015661275017446883e+02 1.002189594171230738e+02 7.617628788801798123e+01
7.168771786386929534e+01 7.168771786386929534e+01 1.002849586184455291e+02 5.640455417456428222e+01 6.292161641244422299e+01 7.863646817014353019e+01 6.273554725990251058e+01 1.015661275017446883e+02 7.617628788801799544e+01 1.002189594171230738e+02
