1.024865041546330735e+00 1.028775529015973689e+02 1.040514381483189084e+02 1.040514381483189084e+02 1.028775529015973689e+02 5.770820858452042046e+01 6.028081734427306060e+01 1.017036676548758294e+02 7.865953025422145117e+01 1.040514381483189084e+02
1.028775529015973689e+02 1.040514381483189084e+02 9.167741192391289928e+01 1.022426594932540524e+02 7.904575238007109306e+01 9.630785962853335036e+01 7.882685814453147088e+01 6.521054137101663173e+01 9.199832249461198330e+01 9.598694905783423792e+01
1.040514381483189084e+02 9.167741192391288507e+01 1.004200253720794649e+02 7.796751586949483226e+01 1.022495872263089041e+02 9.598694905783425213e+01 9.167741192391288507e+01 1.040514381483189084e+02 7.932568324105380952e+01 7.312475426593884720e+01
1.040514381483189084e+02 1.022426594932540382e+02 7.796751586949483226e+01 1.004477363042988998e+02 8.355032703131359995e+01 1.022426594932540382e+02 1.022426594932540382e+02 1.040514381483189084e+02 1.022426594932540524e+02 7.938739243441349913e+01
1.028775529015973689e+02 7.904575238007110727e+01 1.022495872263089041e+02 8.355032703131359995e+01 1.040514381483189084e+02 1.025635700639531365e+02 1.025635700639531365e+02 6.367851730659403131e+01 1.025635700639531365e+02 1.022495872263089041e+02
5.770820858452042046e+01 9.630785962853335036e+01 9.598694905783423792e+01 1.022426594932540524e+02 1.025635700639531365e+02 1.040514381483189084e+02 7.500949184987118201e+01 1.028775529015973689e+02 8.419884830484538440e+01 7.965708509623574685e+01
6.028081734427306060e+01 7.882685814453147088e+01 9.167741192391289928e+01 1.022426594932540524e+02 1.025635700639531365e+02 7.500949184987118201e+01 1.040514381483189084e+02 1.028775529015973689e+02 7.988931117092401735e+01 9.598694905783423792e+01
1.017036676548758294e+02 6.521054137101663173e+01 1.040514381483189084e+02 1.040514381483189084e+02 6.367851730659403131e+01 1.028775529015973689e+02 1.028775529015973689e+02 4.510689226808103314e+01 1.028775529015973689e+02 1.040514381483189084e+02
7.865953025422146538e+01 9.199832249461196909e+01 7.932568324105380952e+01 1.022426594932540524e+02 1.025635700639531365e+02 8.419884830484538440e+01 7.988931117092401735e+01 1.028775529015973689e+02 1.040514381483189084e+02 9.598694905783425213e+01
1.040514381483189084e+02 9.598694905783425213e+01 7.312475426593884720e+01 7.938739243441349913e+01 1.022495872263089041e+02 7.965708509623574685e+01 9.598694905783425213e+01 1.040514381483189084e+02 9.598694905783423792e+01 1.004200253720794649e+02
