4.712717531381369440e+01 5.679752072978413935e+01 4.360223332657049866e+01 7.296619270193028228e+01 1.012437185358132155e+02 7.236624356068057295e+01 7.076753246851257018e+01 3.496925934666461444e+01 1.012437185358132155e+02 4.357185227872358269e+01
5.679752072978414645e+01 7.862578211290367847e+01 5.935153672611548359e+01 8.084084440170278185e+01 1.012437185358132155e+02 8.024089526045307252e+01 7.864218416828506975e+01 4.738003434992221230e+01 1.012437185358132155e+02 5.945856425705780879e+01
4.360223332657049156e+01 5.935153672611548359e+01 1.324835603725662736e+01 7.174693847904710253e+01 1.012437185358132155e+02 7.066050493757025208e+01 7.066050493757025208e+01 4.007729133932728871e+01 1.012437185358132155e+02 4.360223332657049156e+01
7.296619270193028228e+01 8.084084440170276764e+01 7.174693847904710253e+01 1.012437185358132155e+02 6.489290110143133461e+01 6.765462980116173242e+01 6.765462980116173242e+01 7.174693847904710253e+01 6.074181433816548292e+01 7.296619270193028228e+01
1.012437185358132155e+02 1.012437185358132155e+02 1.012437185358132155e+02 6.489290110143133461e+01 3.120324362335940549e+01 6.338266872799256646e+01 6.338266872799256646e+01 1.012437185358132155e+02 2.854208366704945377e+01 1.012437185358132155e+02
7.236624356068057295e+01 8.024089526045305831e+01 7.066050493757025208e+01 6.765462980116173242e+01 6.338266872799256646e+01 1.012437185358132155e+02 6.544906201689664726e+01 7.054704019654768388e+01 6.356232112327636230e+01 7.236624356068057295e+01
7.076753246851257018e+01 7.864218416828506975e+01 7.066050493757025208e+01 6.765462980116173242e+01 6.338266872799256646e+01 6.544906201689664726e+01 1.012437185358132155e+02 6.734961801221169253e+01 6.356232112327635519e+01 6.519314926666359611e+01
3.496925934666461444e+01 4.738003434992221230e+01 4.007729133932728871e+01 7.174693847904710253e+01 1.012437185358132155e+02 7.054704019654768388e+01 6.734961801221169253e+01 6.978184625662737887e-03 1.012437185358132155e+02 4.029134640121193911e+01
1.012437185358132155e+02 1.012437185358132155e+02 1.012437185358132155e+02 6.074181433816547582e+01 2.854208366704945377e+01 6.356232112327635519e+01 6.356232112327636230e+01 1.012437185358132155e+02 3.663004508321887620e+00 1.012437185358132155e+02
4.357185227872358269e+01 5.945856425705780168e+01 4.360223332657049866e+01 7.296619270193028228e+01 1.012437185358132155e+02 7.236624356068057295e+01 6.519314926666359611e+01 4.029134640121193911e+01 1.012437185358132155e+02 4.712717531381369440e+01
