5.392569617692444695e+01 7.756272095298375291e+01 8.889758898774550744e+01 1.003693634536876829e+02 1.016573562773836130e+02 7.678308927632640746e+01 7.105127335177814984e+01 7.587435445067032447e+01 5.009135262395703592e+01 1.002337281888783025e+02
7.756272095298373870e+01 1.016573562773836130e+02 9.527747263256455312e+01 1.010133598655356479e+02 5.279916422651735530e+01 8.385338292571952934e+01 8.910582013976986104e+01 6.506653995266540846e+01 7.733391567881346873e+01 1.009455422331309649e+02
8.889758898774550744e+01 9.527747263256455312e+01 1.003693634536876829e+02 7.232763923875721446e+01 1.016573562773836130e+02 9.456565858831190496e+01 9.456565858831190496e+01 9.527747263256455312e+01 8.889758898774550744e+01 8.800783978874879665e+01
1.003693634536876829e+02 1.010133598655356479e+02 7.232763923875722867e+01 5.119453932355089876e+01 1.016573562773836130e+02 1.003693634536876829e+02 1.003693634536876829e+02 1.010133598655356479e+02 1.003693634536876829e+02 7.362056610306589732e+01
1.016573562773836130e+02 5.279916422651735530e+01 1.016573562773836130e+02 1.016573562773836130e+02 2.094091975142029050e+00 1.016573562773836130e+02 1.016573562773836130e+02 5.155868350404541900e+01 1.016573562773836130e+02 1.016573562773836130e+02
7.678308927632639325e+01 8.385338292571952934e+01 9.456565858831190496e+01 1.003693634536876829e+02 1.016573562773836130e+02 1.000980929240689221e+02 6.612245097902875557e+01 8.910582013976986104e+01 7.655428400215612328e+01 8.074422225797880515e+01
7.105127335177814984e+01 8.910582013976986104e+01 9.456565858831190496e+01 1.003693634536876829e+02 1.016573562773836130e+02 6.612245097902875557e+01 1.000980929240689221e+02 8.741745363745644681e+01 7.317755099752928061e+01 8.074422225797880515e+01
7.587435445067032447e+01 6.506653995266540846e+01 9.527747263256455312e+01 1.010133598655356479e+02 5.155868350404541900e+01 8.910582013976986104e+01 8.741745363745644681e+01 1.016573562773836130e+02 5.803986466395463850e+01 1.009455422331309649e+02
5.009135262395703592e+01 7.733391567881346873e+01 8.889758898774550744e+01 1.003693634536876829e+02 1.016573562773836130e+02 7.655428400215612328e+01 7.317755099752928061e+01 5.803986466395464561e+01 1.655545183813049448e+01 1.002337281888783025e+02
1.002337281888783025e+02 1.009455422331309506e+02 8.800783978874879665e+01 7.362056610306591153e+01 1.016573562773836130e+02 8.074422225797880515e+01 8.074422225797880515e+01 1.009455422331309506e+02 1.002337281888783025e+02 1.003693634536876829e+02
