1.049371476308109123e+02 7.720663926748258632e+01 7.137306377608840080e+01 8.837231845613692371e+01 8.336201965906586508e+01 9.222208606209949266e+01 9.222208606209949266e+01 7.509335669379960621e+01 9.548439438806650514e+01 7.913152307046387079e+01
7.720663926748258632e+01 1.049371476308109123e+02 8.837231845613692371e+01 6.084097856302641105e+01 8.336201965906586508e+01 9.222208606209949266e+01 9.222208606209949266e+01 7.913152307046387079e+01 8.670286443587485792e+01 7.905500988644678273e+01
7.137306377608840080e+01 8.837231845613692371e+01 9.234656114865579246e-01 7.180748928146293508e+01 1.049371476308109123e+02 1.049371476308109123e+02 1.049371476308109123e+02 1.049371476308109123e+02 8.603164114532211215e+01 1.049371476308109123e+02
8.837231845613692371e+01 6.084097856302641816e+01 7.180748928146293508e+01 9.736441808832015932e-01 1.049371476308109123e+02 1.049371476308109123e+02 1.049371476308109123e+02 1.049371476308109123e+02 6.846858124093881770e+01 1.049371476308109123e+02
8.336201965906586508e+01 8.336201965906586508e+01 1.049371476308109123e+02 1.049371476308109123e+02 8.448453581936819035e+01 8.199578015637813166e+01 8.199578015637813166e+01 7.189133592184947474e+01 1.049371476308109123e+02 7.189133592184947474e+01
9.222208606209949266e+01 9.222208606209949266e+01 1.049371476308109123e+02 1.049371476308109123e+02 8.199578015637813166e+01 7.493550447844421569e+01 6.718755909926596814e+01 7.336664170424720055e+01 1.049371476308109123e+02 7.334729179632702767e+01
9.222208606209949266e+01 9.222208606209949266e+01 1.049371476308109123e+02 1.049371476308109123e+02 8.199578015637813166e+01 6.718755909926596814e+01 1.731124162209971840e-01 6.951201892257824966e+01 1.049371476308109123e+02 5.432907701369985176e+01
7.509335669379960621e+01 7.913152307046387079e+01 1.049371476308109123e+02 1.049371476308109123e+02 7.189133592184947474e+01 7.336664170424720055e+01 6.951201892257824966e+01 7.950702449338807298e+01 1.049371476308109123e+02 6.141895871634753235e+01
9.548439438806650514e+01 8.670286443587485792e+01 8.603164114532211215e+01 6.846858124093881770e+01 1.049371476308109123e+02 1.049371476308109123e+02 1.049371476308109123e+02 1.049371476308109123e+02 1.002557930091812892e+02 1.049371476308109123e+02
7.913152307046385658e+01 7.905500988644676852e+01 1.049371476308109123e+02 1.049371476308109123e+02 7.189133592184947474e+01 7.334729179632702767e+01 5.432907701369985887e+01 6.141895871634753235e+01 1.049371476308109123e+02 7.950702449338807298e+01
