2.361194863835995861e+01 1.001424513686277038e+02 1.001424513686277038e+02 1.001424513686277038e+02 1.004651063035915683e+02 1.004651063035915683e+02 1.004651063035915683e+02 1.006101853705897042e+02 1.006101853705897042e+02 1.004326095026239472e+02
1.001424513686277038e+02 1.237066259520438116e+01 6.422872690120365746e+01 7.977137459847999423e+01 5.729052115712064364e+01 9.427469215801927760e+01 7.026296694726579517e+01 1.006101853705897042e+02 1.006101853705897042e+02 1.004326095026239472e+02
1.001424513686277038e+02 6.422872690120365746e+01 8.776162307748310809e+01 7.672751053185713488e+01 8.250824406987955228e+01 8.723570385189485421e+01 8.250824406987955228e+01 1.006101853705897042e+02 1.006101853705897042e+02 1.004326095026239472e+02
1.001424513686277038e+02 7.977137459847999423e+01 7.672751053185713488e+01 8.776162307748310809e+01 9.027956791851771357e+01 7.535841716534540069e+01 9.027956791851772778e+01 1.006101853705897042e+02 1.006101853705897042e+02 1.004326095026239472e+02
1.004651063035915683e+02 5.729052115712064364e+01 8.250824406987955228e+01 9.027956791851772778e+01 1.007877612385554471e+02 8.580761427397945340e+01 6.097657322054013207e+01 9.182945797725689374e+01 8.058766050704089423e+01 1.006101853705897042e+02
1.004651063035915683e+02 9.427469215801929181e+01 8.723570385189486842e+01 7.535841716534540069e+01 8.580761427397945340e+01 1.007877612385554471e+02 8.580761427397945340e+01 9.182945797725689374e+01 8.897536088026465961e+01 1.006101853705897042e+02
1.004651063035915683e+02 7.026296694726579517e+01 8.250824406987955228e+01 9.027956791851771357e+01 6.097657322054013207e+01 8.580761427397945340e+01 1.007877612385554471e+02 9.182945797725687953e+01 8.058766050704089423e+01 1.006101853705897042e+02
1.006101853705897042e+02 1.006101853705897042e+02 1.006101853705897042e+02 1.006101853705897042e+02 9.182945797725687953e+01 9.182945797725687953e+01 9.182945797725687953e+01 1.007877612385554471e+02 7.850582633943662358e+01 7.396292209494917813e+01
1.006101853705897042e+02 1.006101853705897042e+02 1.006101853705897042e+02 1.006101853705897042e+02 8.058766050704089423e+01 8.897536088026465961e+01 8.058766050704089423e+01 7.850582633943662358e+01 1.007877612385554471e+02 5.492492398151254918e+01
1.004326095026239472e+02 1.004326095026239472e+02 1.004326095026239472e+02 1.004326095026239472e+02 1.006101853705897042e+02 1.006101853705897042e+02 1.006101853705897042e+02 7.396292209494917813e+01 5.492492398151254918e+01 1.159193648442198032e+01
