7.340071112668930198e+01 5.833863730059294994e+01 4.781468463655454570e+01 6.620598581747788103e+01 7.561791351606288458e+01 8.977541172880157205e+01 8.977541172880157205e+01 1.009528336230698784e+02 7.859798983453327992e+01 5.830057043694914398e+01
5.833863730059294994e+01 3.199037265325697987e+01 5.833863730059294994e+01 6.093727665451493181e+01 8.717677237487959019e+01 8.977541172880157205e+01 8.977541172880157205e+01 1.009528336230698784e+02 7.859798983453327992e+01 5.833863730059294994e+01
4.781468463655454570e+01 5.833863730059294994e+01 7.340071112668930198e+01 6.620598581747788103e+01 7.561791351606288458e+01 8.977541172880157205e+01 8.977541172880157205e+01 1.009528336230698784e+02 7.859798983453327992e+01 5.830057043694914398e+01
6.620598581747788103e+01 6.093727665451493181e+01 6.620598581747788103e+01 7.859798983453327992e+01 8.847609205184058112e+01 7.263272592532807437e+01 7.766541192423612472e+01 1.009528336230698784e+02 4.934530422649433490e+01 5.953549629567949353e+01
7.561791351606288458e+01 8.717677237487959019e+01 7.561791351606288458e+01 8.847609205184058112e+01 1.009528336230698784e+02 9.533821361377370351e+01 9.196496685178517794e+01 5.883843167230638471e+01 8.977541172880157205e+01 8.186999634827284922e+01
8.977541172880157205e+01 8.977541172880157205e+01 8.977541172880157205e+01 7.263272592532807437e+01 9.533821361377370351e+01 1.009528336230698784e+02 8.322821380920824197e+01 1.009010154987458066e+02 5.996184713137493816e+01 8.977541172880157205e+01
8.977541172880157205e+01 8.977541172880157205e+01 8.977541172880157205e+01 7.766541192423612472e+01 9.196496685178519215e+01 8.322821380920824197e+01 1.009528336230698784e+02 9.415452197476878382e+01 6.154387383071551199e+01 8.977541172880157205e+01
1.009528336230698784e+02 1.009528336230698784e+02 1.009528336230698784e+02 1.009528336230698784e+02 5.883843167230637761e+01 1.009010154987458066e+02 9.415452197476878382e+01 1.123144641887419359e+00 1.009528336230698784e+02 1.009528336230698784e+02
7.859798983453327992e+01 7.859798983453327992e+01 7.859798983453327992e+01 4.934530422649434200e+01 8.977541172880157205e+01 5.996184713137493816e+01 6.154387383071551199e+01 1.009528336230698784e+02 3.015799061627150479e+01 7.859798983453327992e+01
5.830057043694914398e+01 5.833863730059294994e+01 5.830057043694914398e+01 5.953549629567949353e+01 8.186999634827284922e+01 8.977541172880157205e+01 8.977541172880157205e+01 1.009528336230698784e+02 7.859798983453327992e+01 7.340071112668930198e+01
