1.036056306331084897e+02 8.786486189041919204e+01 1.025522663335956395e+02 8.829853923387412351e+01 1.025522663335956395e+02 8.578718735607760948e+01 8.578718735607760948e+01 7.011650463116914977e+01 1.022545161651974155e+02 8.829853923387412351e+01
8.786486189041919204e+01 1.014989020340828034e+02 1.009661377091104839e+02 8.075503604752682918e+01 1.009661377091104839e+02 8.654511542842018912e+01 6.501426730483753147e+01 1.036056306331084897e+02 8.313556394555261875e+01 8.075503604752682918e+01
1.025522663335956395e+02 1.009661377091104839e+02 3.201796531422556313e+01 1.020195020086233200e+02 5.238844338275604429e+01 9.441640368625067481e+01 1.009661377091104839e+02 1.036056306331084897e+02 1.020195020086233200e+02 1.020195020086233200e+02
8.829853923387413772e+01 8.075503604752681497e+01 1.020195020086233058e+02 1.036056306331084897e+02 1.020195020086233058e+02 1.022858841711094726e+02 7.949092000890370002e+01 7.666763430042155392e+01 8.283781377715439476e+01 6.363934777949818056e+01
1.025522663335956395e+02 1.009661377091104839e+02 5.238844338275603718e+01 1.020195020086233200e+02 7.213907407023663154e+01 9.441640368625067481e+01 1.009661377091104839e+02 1.036056306331084897e+02 1.020195020086233200e+02 1.020195020086233200e+02
8.578718735607760948e+01 8.654511542842018912e+01 9.441640368625067481e+01 1.022858841711094726e+02 9.441640368625067481e+01 1.014989020340828034e+02 8.074491372815208479e+01 1.036056306331084897e+02 1.022858841711094726e+02 1.022858841711094726e+02
8.578718735607760948e+01 6.501426730483753147e+01 1.009661377091104839e+02 7.949092000890370002e+01 1.009661377091104839e+02 8.074491372815208479e+01 1.014989020340828034e+02 1.036056306331084897e+02 8.313556394555261875e+01 7.949092000890370002e+01
7.011650463116914977e+01 1.036056306331084897e+02 1.036056306331084897e+02 7.666763430042155392e+01 1.036056306331084897e+02 1.036056306331084897e+02 1.036056306331084897e+02 5.497528230027246821e+01 1.019567659967991915e+02 7.666763430042155392e+01
1.022545161651974155e+02 8.313556394555261875e+01 1.020195020086233058e+02 8.283781377715439476e+01 1.020195020086233058e+02 1.022858841711094726e+02 8.313556394555261875e+01 1.019567659967991915e+02 1.036056306331084897e+02 8.283781377715439476e+01
8.829853923387413772e+01 8.075503604752681497e+01 1.020195020086233058e+02 6.363934777949818056e+01 1.020195020086233058e+02 1.022858841711094726e+02 7.949092000890370002e+01 7.666763430042155392e+01 8.283781377715439476e+01 1.036056306331084897e+02
