1.003254837583525756e+02 9.948368450159092902e+01 9.382211256109843589e+01 9.453514096712652304e+01 7.226885321797159634e+01 7.720236553489658604e+01 9.250072343971746136e+01 7.720236553489658604e+01 9.250072343971746136e+01 9.178769503368937421e+01
9.948368450159092902e+01 1.023978105086462591e+02 8.458827620346126253e+01 8.755866101050847305e+01 9.948368450159092902e+01 8.755866101050847305e+01 9.760572186968244068e+01 8.458827620346126253e+01 9.760572186968244068e+01 9.760572186968244068e+01
9.382211256109843589e+01 8.458827620346126253e+01 9.281363323071860805e+01 8.073215484413557874e+01 9.453514096712652304e+01 8.001912643810747738e+01 8.874479817590048469e+01 7.389512326325413483e+01 8.874479817590048469e+01 7.842954110552486213e+01
9.453514096712652304e+01 8.755866101050845884e+01 8.073215484413556453e+01 9.281363323071860805e+01 7.722043887280241847e+01 6.930868900428876600e+01 5.968415132539040258e+01 8.073215484413556453e+01 6.188960026774041978e+01 7.531719922182044513e+01
7.226885321797159634e+01 9.948368450159092902e+01 9.453514096712652304e+01 7.722043887280241847e+01 1.003254837583525756e+02 9.453514096712652304e+01 6.344007658920738635e+01 9.453514096712652304e+01 6.564552553155739645e+01 7.907312448563742180e+01
7.720236553489658604e+01 8.755866101050845884e+01 8.001912643810747738e+01 6.930868900428876600e+01 9.453514096712652304e+01 9.281363323071860805e+01 8.874479817590048469e+01 6.188249455364382356e+01 8.874479817590048469e+01 8.803176976987238334e+01
9.250072343971746136e+01 9.760572186968244068e+01 8.874479817590048469e+01 5.968415132539040258e+01 6.344007658920739345e+01 8.874479817590048469e+01 1.817626898750830611e+00 8.874479817590048469e+01 3.096556730476222441e+01 5.782076521292228932e+01
7.720236553489658604e+01 8.458827620346126253e+01 7.389512326325413483e+01 8.073215484413557874e+01 9.453514096712652304e+01 6.188249455364381646e+01 8.874479817590048469e+01 9.281363323071860805e+01 8.874479817590048469e+01 8.803176976987238334e+01
9.250072343971746136e+01 9.760572186968244068e+01 8.874479817590048469e+01 6.188960026774041978e+01 6.564552553155739645e+01 8.874479817590048469e+01 3.096556730476222441e+01 8.874479817590048469e+01 2.300805480340720877e+01 4.907313760265695635e+01
9.178769503368937421e+01 9.760572186968244068e+01 7.842954110552486213e+01 7.531719922182045934e+01 7.907312448563743601e+01 8.803176976987238334e+01 5.782076521292228222e+01 8.803176976987239755e+01 4.907313760265696345e+01 8.467596312108234713e+01
