9.681544373138734727e+01 1.009855637438068641e+02 1.021664076136858341e+02 9.189758368035359126e+01 7.090417771633467225e+01 9.248800561529306208e+01 1.012835917536279737e+02 1.021664076136858341e+02 9.189758368035357705e+01 1.015759856787463491e+02
1.009855637438068641e+02 8.513819333466506123e+01 1.021664076136858341e+02 8.114155414715951053e+01 1.009855637438068641e+02 1.015759856787463491e+02 1.015759856787463491e+02 1.021664076136858341e+02 8.114155414715951053e+01 8.173197608209899556e+01
1.021664076136858341e+02 1.021664076136858341e+02 2.080875052511220247e+01 1.021664076136858341e+02 1.021664076136858341e+02 5.766110819111134589e+01 6.971885950704663060e+01 3.727131140040741997e+01 1.021664076136858341e+02 7.627160457045003739e+01
9.189758368035357705e+01 8.114155414715951053e+01 1.021664076136858341e+02 1.009855637438068641e+02 8.121150572024910730e+01 8.284445765829347863e+01 1.014297887161871472e+02 1.021664076136858341e+02 5.324184391247833759e+01 7.681238912172170785e+01
7.090417771633467225e+01 1.009855637438068641e+02 1.021664076136858341e+02 8.121150572024910730e+01 9.681544373138734727e+01 7.976743055733805932e+01 1.012835917536279737e+02 1.021664076136858341e+02 8.121150572024912151e+01 1.015759856787463491e+02
9.248800561529304787e+01 1.015759856787463491e+02 5.766110819111134589e+01 8.284445765829347863e+01 7.976743055733805932e+01 1.021664076136858341e+02 8.550122563033728795e+01 6.971885950704663060e+01 8.284445765829347863e+01 8.892379512459818613e+01
1.012835917536279737e+02 1.015759856787463491e+02 6.971885950704663060e+01 1.014297887161871756e+02 1.012835917536279737e+02 8.550122563033730216e+01 1.021664076136858341e+02 5.617495238540093538e+01 1.014297887161871472e+02 8.892379512459820035e+01
1.021664076136858341e+02 1.021664076136858341e+02 3.727131140040741997e+01 1.021664076136858341e+02 1.021664076136858341e+02 6.971885950704663060e+01 5.617495238540093538e+01 1.542159146857062169e+01 1.021664076136858341e+02 7.627160457045003739e+01
9.189758368035359126e+01 8.114155414715951053e+01 1.021664076136858341e+02 5.324184391247833759e+01 8.121150572024910730e+01 8.284445765829347863e+01 1.014297887161871472e+02 1.021664076136858341e+02 1.009855637438068641e+02 7.850994375157671357e+01
1.015759856787463491e+02 8.173197608209899556e+01 7.627160457045003739e+01 7.681238912172169364e+01 1.015759856787463491e+02 8.892379512459820035e+01 8.892379512459820035e+01 7.627160457045003739e+01 7.850994375157671357e+01 1.021664076136858341e+02
