1.011991597117728077e+02 8.049447392818319713e+01 8.469624856396562507e+01 6.498667417889478770e+01 9.877742967707266075e+01 7.480038479293406795e+01 9.808505324622666421e+01 8.775488634026895340e+01 8.992209475419880960e+01 7.480038479293406795e+01
8.049447392818319713e+01 1.011991597117728077e+02 8.757211382181168347e+01 9.667864488005727708e+01 8.037235535078700366e+01 9.667864488005727708e+01 8.897852218798109902e+01 9.869401638383055797e+01 1.008612247977604142e+02 9.667864488005727708e+01
8.469624856396562507e+01 8.757211382181168347e+01 9.215813004834171807e+01 6.819333741615844247e+01 8.757211382181168347e+01 7.027986996121852314e+01 7.728977744377371550e+01 8.573951483649565830e+01 8.766183733834104430e+01 7.027986996121852314e+01
6.498667417889478770e+01 9.667864488005726287e+01 6.819333741615844247e+01 6.907808597563193764e+00 9.667864488005727708e+01 4.840160987409532112e+01 9.497094678068054918e+01 7.480038479293406795e+01 7.672270729477943974e+01 4.840160987409532112e+01
9.877742967707266075e+01 8.037235535078700366e+01 8.757211382181168347e+01 9.667864488005726287e+01 1.011991597117728077e+02 9.667864488005726287e+01 8.897852218798107060e+01 9.877742967707266075e+01 1.008612247977604284e+02 9.667864488005726287e+01
7.480038479293406795e+01 9.667864488005726287e+01 7.027986996121852314e+01 4.840160987409532112e+01 9.667864488005727708e+01 1.601451107405322460e+01 9.497094678068054918e+01 6.564348135155866260e+01 6.756580385340403438e+01 3.008780299134451042e+01
9.808505324622666421e+01 8.897852218798109902e+01 7.728977744377371550e+01 9.497094678068054918e+01 8.897852218798108481e+01 9.497094678068054918e+01 9.778376351301936609e+01 9.808505324622666421e+01 1.000073757480720644e+02 9.497094678068054918e+01
8.775488634026895340e+01 9.869401638383055797e+01 8.573951483649565830e+01 7.480038479293406795e+01 9.877742967707266075e+01 6.564348135155866260e+01 9.808505324622666421e+01 1.011991597117728077e+02 8.029032921099785369e+01 5.732585242371412448e+01
8.992209475419880960e+01 1.008612247977604142e+02 8.766183733834104430e+01 7.672270729477943974e+01 1.008612247977604284e+02 6.756580385340403438e+01 1.000073757480720502e+02 8.029032921099785369e+01 1.050438047154635655e+02 5.812447904062563708e+01
7.480038479293406795e+01 9.667864488005726287e+01 7.027986996121852314e+01 4.840160987409532112e+01 9.667864488005727708e+01 3.008780299134451042e+01 9.497094678068054918e+01 5.732585242371412448e+01 5.812447904062563708e+01 1.703054257001940286e+01
