1.007035632133845979e+02 9.008096042692226035e+01 8.064108534089781699e+01 8.064108534089781699e+01 9.806590104731581903e+01 8.829673200630692520e+01 8.829673200630692520e+01 9.806590104731581903e+01 8.380200628570499077e+01 8.064023379350825849e+01
9.008096042692224614e+01 1.048830741423111306e+02 7.298652302833555439e+01 8.470469469965024700e+01 9.741705295057585090e+01 8.448355865135272325e+01 8.796970482135816383e+01 8.169995087207541928e+01 1.029460821997718369e+02 8.046597013048346980e+01
8.064108534089781699e+01 7.298652302833554018e+01 1.048830741423111306e+02 7.486765864891187050e+01 9.741705295057586511e+01 9.023372394884623304e+01 9.023372394884623304e+01 8.569888127926115828e+01 1.029460821997718227e+02 8.272998925797151060e+01
8.064108534089781699e+01 8.470469469965024700e+01 7.486765864891188471e+01 1.048830741423111306e+02 8.119145415956583633e+01 9.023372394884620462e+01 9.023372394884620462e+01 9.741705295057585090e+01 1.029460821997718369e+02 8.272998925797153902e+01
9.806590104731580482e+01 9.741705295057585090e+01 9.741705295057586511e+01 8.119145415956583633e+01 1.048830741423111306e+02 1.029460821997718369e+02 1.029460821997718369e+02 7.305769949296703203e+01 9.821866456923979172e+01 1.027933186778478500e+02
8.829673200630693941e+01 8.448355865135270903e+01 9.023372394884623304e+01 9.023372394884620462e+01 1.029460821997718227e+02 1.013146173010804745e+02 7.104241384289574057e+01 1.029460821997718227e+02 8.601879122130941369e+01 7.868174170986813465e+01
8.829673200630693941e+01 8.796970482135814962e+01 9.023372394884623304e+01 9.023372394884620462e+01 1.029460821997718227e+02 7.104241384289574057e+01 1.013146173010804745e+02 1.029460821997718227e+02 7.824448787543383332e+01 7.107459137367904134e+01
9.806590104731580482e+01 8.169995087207541928e+01 8.569888127926115828e+01 9.741705295057585090e+01 7.305769949296703203e+01 1.029460821997718369e+02 1.029460821997718369e+02 1.048830741423111306e+02 9.821866456923979172e+01 1.027933186778478500e+02
8.380200628570497656e+01 1.029460821997718369e+02 1.029460821997718369e+02 1.029460821997718369e+02 9.821866456923979172e+01 8.601879122130939948e+01 7.824448787543383332e+01 9.821866456923979172e+01 1.013146173010804745e+02 1.010090902572325433e+02
8.064023379350825849e+01 8.046597013048345559e+01 8.272998925797152481e+01 8.272998925797153902e+01 1.027933186778478643e+02 7.868174170986813465e+01 7.107459137367905555e+01 1.027933186778478643e+02 1.010090902572325433e+02 7.129967853758169838e+01
