1.005550054866190379e+02 8.973928330590521796e+01 7.905026022482437043e+01 9.389905757442679146e+01 1.004283063869860655e+02 6.811845812026182045e+01 8.782235918989734103e+01 9.466152227719828716e+01 9.006814034831246829e+01 1.004283063869860655e+02
8.973928330590521796e+01 1.005550054866190379e+02 6.825072756384835770e+01 7.726796916679361971e+01 6.716612957171972198e+01 8.139584331588373800e+01 8.782235918989734103e+01 9.466152227719831558e+01 8.827782948309622668e+01 7.258569894200097394e+01
7.905026022482437043e+01 6.825072756384835770e+01 2.211722333262614804e+00 8.736980876186748901e+01 1.005550054866190379e+02 6.825072756384835770e+01 7.508971289317564413e+01 8.806892391482253402e+01 7.573514598698264422e+01 1.005550054866190379e+02
9.389905757442679146e+01 7.726796916679360550e+01 8.736980876186748901e+01 1.005550054866190379e+02 6.048430444863909372e+01 9.389905757442677725e+01 9.002140983794672024e+01 7.858106878817585539e+01 9.422791461683402758e+01 7.258569894200097394e+01
1.004283063869860655e+02 6.716612957171972198e+01 1.005550054866190379e+02 6.048430444863908662e+01 1.717429999768979032e+00 1.004283063869860655e+02 1.005550054866190379e+02 1.012541206395740687e+02 1.008205129792098091e+02 4.461639239738290996e+01
6.811845812026182045e+01 8.139584331588373800e+01 6.825072756384835770e+01 9.389905757442679146e+01 1.004283063869860655e+02 1.005550054866190379e+02 8.782235918989734103e+01 9.466152227719831558e+01 8.827782948309622668e+01 1.004283063869860655e+02
8.782235918989734103e+01 8.782235918989734103e+01 7.508971289317564413e+01 9.002140983794672024e+01 1.005550054866190379e+02 8.782235918989734103e+01 8.479101634143283661e+01 9.072052499090173683e+01 8.808786668248811225e+01 1.005550054866190379e+02
9.466152227719828716e+01 9.466152227719831558e+01 8.806892391482253402e+01 7.858106878817586960e+01 1.012541206395740687e+02 9.466152227719831558e+01 9.072052499090173683e+01 1.019532357925291137e+02 9.479427602349369408e+01 1.012541206395740687e+02
9.006814034831246829e+01 8.827782948309622668e+01 7.573514598698264422e+01 9.422791461683402758e+01 1.008205129792098091e+02 8.827782948309622668e+01 8.808786668248811225e+01 9.479427602349367987e+01 1.010860204718005662e+02 1.008205129792098091e+02
1.004283063869860655e+02 7.258569894200097394e+01 1.005550054866190379e+02 7.258569894200097394e+01 4.461639239738290996e+01 1.004283063869860655e+02 1.005550054866190379e+02 1.012541206395740687e+02 1.008205129792098091e+02 2.419111949744139523e+01
