1.020881812322052724e+02 6.421295036702670700e+01 7.822890566213955310e+01 8.885718064551210205e+01 8.905358327821528519e+01 8.667267351853654134e+01 7.507308744528005207e+01 8.905358327821528519e+01 1.004567667187685913e+02 8.905358327821528519e+01
6.421295036702670700e+01 1.020881812322052724e+02 7.822890566213955310e+01 8.544486830225794449e+01 8.905358327821528519e+01 8.667267351853654134e+01 7.166077510202589451e+01 8.905358327821528519e+01 1.004567667187685913e+02 8.905358327821528519e+01
7.822890566213956731e+01 7.822890566213956731e+01 1.007721080786518826e+02 9.043884413062420435e+01 8.786547290278416256e+01 8.764605145519652751e+01 8.764605145519652751e+01 8.786547290278416256e+01 1.009000708567741498e+02 8.838971112890556014e+01
8.885718064551210205e+01 8.544486830225794449e+01 9.043884413062420435e+01 1.020881812322052724e+02 1.009000708567741356e+02 1.004567667187685913e+02 7.815523232463124259e+01 1.009000708567741356e+02 9.992669292011416360e+01 1.014243090828955474e+02
8.905358327821528519e+01 8.905358327821528519e+01 8.786547290278416256e+01 1.009000708567741498e+02 1.007721080786518826e+02 8.905358327821528519e+01 8.905358327821528519e+01 6.712990235855208709e+01 9.980408707382967748e+01 8.171884785377687876e+01
8.667267351853654134e+01 8.667267351853654134e+01 8.764605145519652751e+01 1.004567667187685913e+02 8.905358327821528519e+01 1.020881812322052724e+02 7.648299810213946159e+01 8.905358327821528519e+01 8.731673441298444516e+01 8.905358327821528519e+01
7.507308744528005207e+01 7.166077510202589451e+01 8.764605145519652751e+01 7.815523232463122838e+01 8.905358327821528519e+01 7.648299810213946159e+01 1.020881812322052724e+02 8.905358327821528519e+01 1.004567667187685913e+02 8.905358327821528519e+01
8.905358327821528519e+01 8.905358327821528519e+01 8.786547290278416256e+01 1.009000708567741498e+02 6.712990235855208709e+01 8.905358327821528519e+01 8.905358327821528519e+01 1.007721080786518826e+02 9.980408707382967748e+01 8.171884785377687876e+01
1.004567667187685913e+02 1.004567667187685913e+02 1.009000708567741356e+02 9.992669292011416360e+01 9.980408707382969169e+01 8.731673441298444516e+01 1.004567667187685913e+02 9.980408707382967748e+01 1.020881812322052724e+02 1.014243090828955474e+02
8.905358327821528519e+01 8.905358327821528519e+01 8.838971112890556014e+01 1.014243090828955332e+02 8.171884785377687876e+01 8.905358327821528519e+01 8.905358327821528519e+01 8.171884785377687876e+01 1.014243090828955332e+02 1.007721080786518826e+02
