1.000575809009992412e+02 9.956298964047753941e+01 8.738890199195765263e+01 1.049126563650276864e+02 8.848727165761179947e+01 1.041562351687867363e+02 1.003194108367184896e+02 8.814532318819860279e+01 9.496974411216834255e+01 8.403243116441777261e+01
9.956298964047753941e+01 1.041562351687867363e+02 9.795910889586272674e+01 8.714313999689126433e+01 1.013440744036653598e+02 8.121425609467317486e+01 8.575557322372939950e+01 1.038879927980808162e+02 7.786715895393385267e+01 1.021069080348929958e+02
8.738890199195765263e+01 9.795910889586272674e+01 1.041562351687867363e+02 9.974019365905053291e+01 1.038879927980808162e+02 7.916227936207847904e+01 1.038879927980808162e+02 8.229525709572597236e+01 1.021069080348929958e+02 8.608175829831151304e+01
1.049126563650276864e+02 8.714313999689126433e+01 9.974019365905053291e+01 1.056690775612686366e+02 8.467840428136686626e+01 7.392823642180309207e+01 9.624546201826450442e+01 9.554079327426362056e+01 1.049126563650276864e+02 1.049126563650276864e+02
8.848727165761179947e+01 1.013440744036653598e+02 1.038879927980808162e+02 8.467840428136686626e+01 1.056690775612686366e+02 1.049126563650276864e+02 9.267688005690217778e+01 9.451612970731675034e+01 9.777549244230303316e+01 1.028633292311339460e+02
1.041562351687867363e+02 8.121425609467317486e+01 7.916227936207846483e+01 7.392823642180309207e+01 1.049126563650276864e+02 8.346638434487815061e+01 1.049126563650276864e+02 1.049126563650276864e+02 1.041562351687867363e+02 1.041562351687867363e+02
1.003194108367184896e+02 8.575557322372939950e+01 1.038879927980808162e+02 9.624546201826451863e+01 9.267688005690219200e+01 1.049126563650276864e+02 1.056690775612686366e+02 9.522079845131764841e+01 7.862358015017480284e+01 1.028633292311339460e+02
8.814532318819860279e+01 1.038879927980808162e+02 8.229525709572597236e+01 9.554079327426362056e+01 9.451612970731675034e+01 1.049126563650276864e+02 9.522079845131764841e+01 1.056690775612686366e+02 1.028633292311339460e+02 8.683817949455246321e+01
9.496974411216834255e+01 7.786715895393386688e+01 1.021069080348929958e+02 1.049126563650276864e+02 9.777549244230303316e+01 1.041562351687867363e+02 7.862358015017481705e+01 1.028633292311339460e+02 8.729670819323270825e-01 1.000575809009992412e+02
8.403243116441777261e+01 1.021069080348929958e+02 8.608175829831151304e+01 1.049126563650276864e+02 1.028633292311339460e+02 1.041562351687867363e+02 1.028633292311339460e+02 8.683817949455246321e+01 1.000575809009992412e+02 5.018063126586659095e+00
