1.000565240323691967e+02 1.004481649464464539e+02 1.004481649464464539e+02 1.004481649464464539e+02 1.004481649464464539e+02 9.927853987494128774e+01 9.549020432236592626e+01 1.004481649464464539e+02 9.810891480343610738e+01 1.004481649464464539e+02
1.004481649464464539e+02 9.120068175842018832e+01 6.556583491420569487e+01 7.707587176368764403e+01 7.052067971661574575e+01 8.766996412671721828e+01 9.434568005333707674e+01 6.200440683846857581e+01 1.004481649464464539e+02 6.584161442971227984e+01
1.004481649464464539e+02 6.556583491420569487e+01 4.061641497587498861e+01 5.866834320506826117e+01 4.260047251273196878e+01 7.951550490100109414e+01 9.582442335243331399e+01 6.556583491420569487e+01 1.004481649464464539e+02 6.556583491420569487e+01
1.004481649464464539e+02 7.707587176368762982e+01 5.866834320506826117e+01 9.120068175842018832e+01 6.168420711118097444e+01 8.766996412671720407e+01 7.746409510977233026e+01 7.707587176368762982e+01 1.004481649464464539e+02 7.707587176368762982e+01
1.004481649464464539e+02 7.052067971661574575e+01 4.260047251273196878e+01 6.168420711118097444e+01 5.906494037374760353e+01 7.963602878054906853e+01 9.582442335243331399e+01 7.052067971661574575e+01 1.004481649464464539e+02 7.052067971661574575e+01
9.927853987494128774e+01 8.766996412671720407e+01 7.951550490100109414e+01 8.766996412671720407e+01 7.963602878054906853e+01 1.004481649464464539e+02 9.706457930645402143e+01 8.766996412671720407e+01 7.322392081203551584e+01 8.766996412671720407e+01
9.549020432236592626e+01 9.434568005333707674e+01 9.582442335243331399e+01 7.746409510977233026e+01 9.582442335243331399e+01 9.706457930645402143e+01 1.004481649464464539e+02 9.434568005333707674e+01 9.830473526047472888e+01 9.434568005333707674e+01
1.004481649464464539e+02 6.200440683846857581e+01 6.556583491420569487e+01 7.707587176368764403e+01 7.052067971661574575e+01 8.766996412671721828e+01 9.434568005333707674e+01 9.120068175842018832e+01 1.004481649464464539e+02 5.527029767074211719e+01
9.810891480343610738e+01 1.004481649464464539e+02 1.004481649464464539e+02 1.004481649464464539e+02 1.004481649464464539e+02 7.322392081203551584e+01 9.830473526047472888e+01 1.004481649464464539e+02 7.119408685774334344e+01 1.004481649464464539e+02
1.004481649464464539e+02 6.584161442971227984e+01 6.556583491420569487e+01 7.707587176368764403e+01 7.052067971661574575e+01 8.766996412671721828e+01 9.434568005333707674e+01 5.527029767074211719e+01 1.004481649464464539e+02 9.120068175842018832e+01
