1.013789749243945124e+02 1.022052753868660488e+02 8.102515934521558449e+01 1.022052753868660488e+02 8.271016200393512463e+01 1.022052753868660488e+02 1.022052753868660488e+02 1.022052753868660488e+02 1.022052753868660488e+02 1.022052753868660488e+02
1.022052753868660488e+02 3.653950426907153570e+01 1.022052753868660488e+02 3.441104329531971473e+01 1.022052753868660488e+02 7.374287668305530019e+01 2.247461085133821967e+01 3.455556255523558207e+01 4.634747573930120979e+01 6.195096349898966537e+01
8.102515934521559871e+01 1.022052753868660488e+02 1.013789749243945124e+02 1.022052753868660488e+02 1.011662774851301947e+02 1.022052753868660488e+02 1.022052753868660488e+02 1.022052753868660488e+02 1.022052753868660488e+02 1.022052753868660488e+02
1.022052753868660488e+02 3.441104329531971473e+01 1.022052753868660488e+02 4.634747573930120979e+01 1.022052753868660488e+02 7.061958206352895218e+01 2.537042784474583712e+01 3.028722875926540681e+01 4.010088650024851376e+01 6.440295636654708744e+01
8.271016200393513884e+01 1.022052753868660488e+02 1.011662774851302089e+02 1.022052753868660488e+02 1.009576509281373831e+02 1.022052753868660488e+02 1.022052753868660488e+02 1.022052753868660488e+02 1.022052753868660488e+02 1.022052753868660488e+02
1.022052753868660488e+02 7.374287668305530019e+01 1.022052753868660488e+02 7.061958206352895218e+01 1.022052753868660488e+02 1.011382776268093835e+02 7.374287668305530019e+01 7.061958206352895218e+01 5.170588062180993916e+01 7.883969703355236902e+01
1.022052753868660488e+02 2.247461085133822323e+01 1.022052753868660488e+02 2.537042784474583712e+01 1.022052753868660488e+02 7.374287668305530019e+01 4.284692677107485359e+00 2.766763510628478784e+01 4.634747573930120979e+01 5.506303605003887469e+01
1.022052753868660488e+02 3.455556255523558207e+01 1.022052753868660488e+02 3.028722875926540681e+01 1.022052753868660488e+02 7.061958206352895218e+01 2.766763510628479139e+01 4.634747573930120979e+01 4.010088650024851376e+01 6.318514364072054690e+01
1.022052753868660488e+02 4.634747573930120979e+01 1.022052753868660488e+02 4.010088650024851376e+01 1.022052753868660488e+02 5.170588062180993916e+01 4.634747573930120979e+01 4.010088650024851376e+01 2.435183235179875005e+00 7.374287668305530019e+01
1.022052753868660488e+02 6.195096349898966537e+01 1.022052753868660488e+02 6.440295636654708744e+01 1.022052753868660488e+02 7.883969703355236902e+01 5.506303605003887469e+01 6.318514364072054690e+01 7.374287668305530019e+01 1.011382776268093835e+02
