9.067593469199050560e+01 1.028532820267637078e+02 1.005356783874967874e+02 7.118466326772283992e+01 9.114528256724774735e+01 9.114528256724774735e+01 7.901120761875934306e+01 1.005356783874967874e+02 8.175488674699872149e+01 8.175488674699872149e+01
1.028532820267637078e+02 6.430873506643997928e+01 1.028532820267637078e+02 1.028532820267637078e+02 1.028532820267637078e+02 1.028532820267637078e+02 1.028532820267637078e+02 1.028532820267637078e+02 1.028532820267637078e+02 1.028532820267637078e+02
1.005356783874967874e+02 1.028532820267637078e+02 9.207514878219714660e+01 1.005356783874967874e+02 7.908957113747307233e+01 9.080928594073071736e+01 7.904302412009764112e+01 5.755036985269850192e+01 1.005356783874967874e+02 1.005356783874967874e+02
7.118466326772283992e+01 1.028532820267637078e+02 1.005356783874967874e+02 7.283383880200692317e+01 8.340478355730223825e+01 7.441428778407254185e+01 9.560580653974363941e+01 1.005356783874967874e+02 5.682115651705026949e+01 5.482335839971293012e+01
9.114528256724774735e+01 1.028532820267637078e+02 7.908957113747307233e+01 8.340478355730223825e+01 1.005356783874967874e+02 8.271898340823352669e+01 7.873976761492140497e+01 6.187372869009917054e+01 8.012480851985262120e+01 8.012480851985262120e+01
9.114528256724774735e+01 1.028532820267637078e+02 9.080928594073071736e+01 7.441428778407254185e+01 8.271898340823352669e+01 1.005356783874967874e+02 9.045948241817905000e+01 8.531315829661446060e+01 7.067207630979518740e+01 6.665048111919533369e+01
7.901120761875932885e+01 1.028532820267637078e+02 7.904302412009765533e+01 9.560580653974363941e+01 7.873976761492140497e+01 9.045948241817905000e+01 1.005356783874967874e+02 5.361737297879763275e+01 9.560580653974363941e+01 9.560580653974363941e+01
1.005356783874967874e+02 1.028532820267637078e+02 5.755036985269850192e+01 1.005356783874967874e+02 6.187372869009917054e+01 8.531315829661446060e+01 5.361737297879763986e+01 1.412765649955986191e+00 1.005356783874967874e+02 1.005356783874967874e+02
8.175488674699872149e+01 1.028532820267637078e+02 1.005356783874967874e+02 5.682115651705026949e+01 8.012480851985262120e+01 7.067207630979518740e+01 9.560580653974363941e+01 1.005356783874967874e+02 4.987380043554817632e+01 3.368250958094924385e+01
8.175488674699872149e+01 1.028532820267637078e+02 1.005356783874967874e+02 5.482335839971293012e+01 8.012480851985262120e+01 6.665048111919533369e+01 9.560580653974363941e+01 1.005356783874967874e+02 3.368250958094924385e+01 4.987380043554817632e+01
