7.645633165455268276e+00 5.523929927591511557e+01 1.014189242466980829e+02 1.014189242466980829e+02 1.014189242466980829e+02 6.786207233940618266e+01 1.014189242466980829e+02 1.014189242466980829e+02 6.786207233940618266e+01 6.786207233940618266e+01
5.523929927591510847e+01 1.014189242466980829e+02 1.008306164993652771e+02 8.076680420576619213e+01 9.269332082241280091e+01 8.434634441938572991e+01 9.174249387668733391e+01 1.008306164993652771e+02 8.434634441938572991e+01 8.434634441938572991e+01
1.014189242466980829e+02 1.008306164993652771e+02 8.482241069055571359e+01 8.646513801802454680e+01 1.002423087520324714e+02 9.084975418399884006e+01 9.026144643666603429e+01 7.648427570265810971e+01 7.468749318404344706e+01 7.538688461749345038e+01
1.014189242466980829e+02 8.076680420576619213e+01 8.646513801802453258e+01 1.002423087520324714e+02 9.210501307507999513e+01 9.470472869936804727e+01 8.502829832935729826e+01 7.633783386606262411e+01 9.090842028072651715e+01 9.697564198399609836e+01
1.014189242466980829e+02 9.269332082241280091e+01 1.002423087520324714e+02 9.210501307507999513e+01 2.516527695175521488e-03 1.008306164993652771e+02 9.210501307507999513e+01 1.002423087520324714e+02 1.008306164993652771e+02 1.008306164993652771e+02
6.786207233940618266e+01 8.434634441938572991e+01 9.084975418399885427e+01 9.470472869936803306e+01 1.008306164993652771e+02 1.014189242466980829e+02 9.323316157341841404e+01 7.536227931299599447e+01 7.256474444280183889e+01 7.483565772742988997e+01
1.014189242466980829e+02 9.174249387668734812e+01 9.026144643666604850e+01 8.502829832935729826e+01 9.210501307507999513e+01 9.323316157341841404e+01 1.002423087520324714e+02 8.651896602608837838e+01 9.470472869936804727e+01 9.697564198399609836e+01
1.014189242466980829e+02 1.008306164993652771e+02 7.648427570265810971e+01 7.633783386606262411e+01 1.002423087520324714e+02 7.536227931299598026e+01 8.651896602608837838e+01 7.573875755204352345e+01 8.478253248072928727e+01 9.312066746862689115e+01
6.786207233940618266e+01 8.434634441938572991e+01 7.468749318404346127e+01 9.090842028072651715e+01 1.008306164993652771e+02 7.256474444280183889e+01 9.470472869936804727e+01 8.478253248072930148e+01 1.014189242466980829e+02 7.212951452581913259e+01
6.786207233940618266e+01 8.434634441938572991e+01 7.538688461749345038e+01 9.697564198399608415e+01 1.008306164993652771e+02 7.483565772742988997e+01 9.697564198399609836e+01 9.312066746862690536e+01 7.212951452581913259e+01 1.014189242466980829e+02
