1.012066600529220040e+02 8.792170913090872375e+01 9.138335744953391782e+01 9.438737433032109436e+01 1.001735237801786838e+02 8.824420634850753231e+01 1.006656765323738512e+02 9.438737433032109436e+01 1.059596732300362589e+02 1.033126748812050550e+02
8.792170913090873796e+01 1.059596732300362589e+02 9.403035579836509328e+01 9.676388091887821474e+01 7.949443940459656233e+01 9.062071293706463848e+01 1.035831666414791243e+02 9.676388091887821474e+01 1.034396722822024373e+02 1.035114194618407737e+02
9.138335744953390360e+01 9.403035579836510749e+01 1.012066600529220040e+02 9.438737433032109436e+01 1.001735237801786838e+02 7.562469347052694957e+01 6.971596395059114570e+01 9.438737433032109436e+01 1.059596732300362589e+02 8.783781859031370232e+01
9.438737433032109436e+01 9.676388091887822895e+01 9.438737433032109436e+01 4.981810194518218537e+01 7.075942965293279485e+01 5.670587124464258011e+01 1.012066600529220040e+02 3.555918607582933078e+01 1.059596732300362589e+02 1.035831666414791385e+02
1.001735237801786695e+02 7.949443940459656233e+01 1.001735237801786695e+02 7.075942965293279485e+01 1.059596732300362589e+02 8.019692631856730713e+01 1.035831666414791243e+02 5.600348991516457176e+01 1.034396722822024373e+02 1.035114194618407737e+02
8.824420634850751810e+01 9.062071293706465269e+01 7.562469347052694957e+01 5.670587124464258011e+01 8.019692631856729292e+01 8.756808860772018477e+01 1.012066600529220040e+02 5.443417940709834113e+01 1.059596732300362589e+02 1.035831666414791385e+02
1.006656765323738654e+02 1.035831666414791385e+02 6.971596395059114570e+01 1.012066600529220040e+02 1.035831666414791385e+02 1.012066600529220040e+02 5.580518255666013339e+00 1.012066600529220040e+02 1.059596732300362589e+02 5.880516519410387843e+01
9.438737433032109436e+01 9.676388091887822895e+01 9.438737433032109436e+01 3.555918607582933078e+01 5.600348991516456465e+01 5.443417940709833402e+01 1.012066600529220040e+02 1.030858467128366263e+00 1.059596732300362589e+02 1.035831666414791385e+02
1.059596732300362589e+02 1.034396722822024230e+02 1.059596732300362589e+02 1.059596732300362589e+02 1.034396722822024230e+02 1.059596732300362589e+02 1.059596732300362589e+02 1.059596732300362589e+02 1.043694193909234125e+00 6.178323471800944588e+01
1.033126748812050550e+02 1.035114194618407737e+02 8.783781859031370232e+01 1.035831666414791243e+02 1.035114194618407737e+02 1.035831666414791243e+02 5.880516519410387843e+01 1.035831666414791243e+02 6.178323471800943878e+01 1.059596732300362589e+02
