8.564848884913033089e+01 5.509002852425156505e+01 7.445367645227230469e+01 6.240568956793468658e+01 8.475177367556740649e+01 6.048173845230132883e+01 8.971338110424295564e+01 7.941528388094785385e+01 6.949206902359676974e+01 6.736729699661023574e+01
5.509002852425157215e+01 2.499013137541489016e+01 6.325886405541429269e+01 3.542290600929042910e+01 7.667356376280062591e+01 6.949206902359676974e+01 8.659677862015171002e+01 7.318207891276537680e+01 5.333564919806320859e+01 4.534612086664151320e+01
7.445367645227230469e+01 6.325886405541429269e+01 7.318207891276537680e+01 5.908683878272349688e+01 7.746314591878537215e+01 6.347291702553559389e+01 7.250379230492325178e+01 4.861846473763435483e+01 5.315856033365035671e+01 5.050597131945096407e+01
6.240568956793468658e+01 3.542290600929042910e+01 5.908683878272349688e+01 5.333564919806320859e+01 7.031931495437423507e+01 6.532004375090596682e+01 8.659677862015171002e+01 7.318207891276537680e+01 4.499159865268161695e+01 5.242953797099305291e+01
8.475177367556740649e+01 7.667356376280062591e+01 7.746314591878537215e+01 7.031931495437423507e+01 1.000114783275380432e+02 8.057974840287661777e+01 9.119635825417019248e+01 8.659677862015172423e+01 6.832951321741903428e+01 8.163517119147616086e+01
6.048173845230132883e+01 6.949206902359676974e+01 6.347291702553559389e+01 6.532004375090596682e+01 8.057974840287661777e+01 8.564848884913033089e+01 8.971338110424295564e+01 7.941528388094785385e+01 5.939176530183283376e+01 7.445367645227230469e+01
8.971338110424295564e+01 8.659677862015172423e+01 7.250379230492325178e+01 8.659677862015172423e+01 9.119635825417019248e+01 8.971338110424295564e+01 1.000114783275380432e+02 6.494902431571965451e+01 8.659677862015172423e+01 7.250379230492325178e+01
7.941528388094785385e+01 7.318207891276537680e+01 4.861846473763434773e+01 7.318207891276537680e+01 8.659677862015171002e+01 7.941528388094785385e+01 6.494902431571966872e+01 4.296300695595100905e+01 7.318207891276537680e+01 4.861846473763435483e+01
6.949206902359676974e+01 5.333564919806320859e+01 5.315856033365035671e+01 4.499159865268161695e+01 6.832951321741903428e+01 5.939176530183283376e+01 8.659677862015171002e+01 7.318207891276537680e+01 2.560159829990380054e+00 6.325886405541429269e+01
6.736729699661023574e+01 4.534612086664151320e+01 5.050597131945096407e+01 5.242953797099305291e+01 8.163517119147616086e+01 7.445367645227230469e+01 7.250379230492325178e+01 4.861846473763435483e+01 6.325886405541429269e+01 7.318207891276537680e+01
