1.021786274524002067e+02 8.456003082460779297e+01 9.752166670944528448e+01 8.698814550694675063e+01 7.511818706518133126e+01 7.396115892218260512e+01 7.146769353991699347e+01 9.156917711080052413e+01 9.804811067985740181e+01 8.024767594093896150e+01
8.456003082460779297e+01 1.021786274524002067e+02 9.765236810929860667e+01 8.705349620687340462e+01 6.307239769192064927e+01 7.167394715287949225e+01 6.689327000131078194e+01 9.220587586373403610e+01 9.260161843429281703e+01 6.845718954074720841e+01
9.752166670944527027e+01 9.765236810929860667e+01 5.027952116361828594e+00 6.140296917533591170e+01 9.765236810929860667e+01 1.021786274524002067e+02 1.021786274524002067e+02 9.299540736634368443e+01 9.765236810929860667e+01 9.765236810929860667e+01
8.698814550694675063e+01 8.705349620687340462e+01 6.140296917533591170e+01 1.021786274524002067e+02 8.705349620687340462e+01 7.533771523936593439e+01 7.645462430444821678e+01 9.758701740937193847e+01 9.804811067985740181e+01 8.705349620687341883e+01
7.511818706518133126e+01 6.307239769192064927e+01 9.765236810929860667e+01 8.705349620687340462e+01 1.021786274524002067e+02 7.396115892218260512e+01 7.146769353991699347e+01 9.220587586373403610e+01 9.260161843429281703e+01 6.414483465707836274e+01
7.396115892218260512e+01 7.167394715287950646e+01 1.021786274524002067e+02 7.533771523936592018e+01 7.396115892218260512e+01 5.073062115649621973e+01 2.875411244294728519e+01 1.021786274524002067e+02 9.844385325041616852e+01 7.396115892218260512e+01
7.146769353991699347e+01 6.689327000131078194e+01 1.021786274524002067e+02 7.645462430444821678e+01 7.146769353991699347e+01 2.875411244294728164e+01 9.114326328890644646e+00 1.021786274524002067e+02 9.844385325041616852e+01 7.146769353991699347e+01
9.156917711080052413e+01 9.220587586373403610e+01 9.299540736634368443e+01 9.758701740937195268e+01 9.220587586373403610e+01 1.021786274524002067e+02 1.021786274524002067e+02 9.312610876619702083e+01 7.623252965817611937e+01 9.220587586373402189e+01
9.804811067985740181e+01 9.260161843429281703e+01 9.765236810929860667e+01 9.804811067985740181e+01 9.260161843429281703e+01 9.844385325041616852e+01 9.844385325041616852e+01 7.623252965817613358e+01 1.021786274524002067e+02 9.260161843429281703e+01
8.024767594093896150e+01 6.845718954074719420e+01 9.765236810929860667e+01 8.705349620687341883e+01 6.414483465707836274e+01 7.396115892218260512e+01 7.146769353991699347e+01 9.220587586373403610e+01 9.260161843429281703e+01 1.021786274524002067e+02
