1.414534583566251058e+00 1.012894378575522012e+02 1.012894378575522012e+02 1.012894378575522012e+02 1.012894378575522012e+02 5.844340663814112702e+01 3.578516859325429067e+01 5.844340663814113412e+01 1.012894378575522012e+02 1.012894378575522012e+02
1.012894378575522012e+02 1.006218974989613173e+02 1.003759470902026010e+02 7.300757614265242523e+01 8.085364504712441658e+01 9.087158268460416366e+01 1.012894378575522012e+02 1.008146333481524408e+02 1.004120653416525215e+02 8.052659665727750848e+01
1.012894378575522012e+02 1.003759470902026010e+02 1.006218974989613173e+02 1.004120653416525357e+02 8.875561191438256969e+01 1.008507515996023756e+02 1.012894378575522012e+02 8.130293689048343708e+01 5.146674111617696923e+01 7.603198085102258119e+01
1.012894378575522012e+02 7.300757614265242523e+01 1.004120653416525215e+02 6.028555752435089943e+01 1.006218974989613173e+02 7.175205906760250230e+01 1.012894378575522012e+02 1.009556676782567592e+02 1.002022331843437541e+02 7.279774398534364366e+01
1.012894378575522012e+02 8.085364504712441658e+01 8.875561191438258390e+01 1.006218974989613173e+02 1.000577601785440294e+02 1.009556676782567592e+02 1.012894378575522012e+02 8.908938209367802585e+01 1.006218974989613173e+02 1.006218974989613173e+02
5.844340663814113412e+01 9.087158268460416366e+01 1.008507515996023756e+02 7.175205906760250230e+01 1.009556676782567592e+02 1.012894378575522012e+02 6.570907865215099264e+01 7.946920850476737996e+01 1.007458355209479777e+02 9.076666660594976577e+01
3.578516859325429067e+01 1.012894378575522012e+02 1.012894378575522012e+02 1.012894378575522012e+02 1.012894378575522012e+02 6.570907865215097843e+01 5.597296176777852139e+01 6.830697457197166500e+01 1.012894378575522012e+02 1.012894378575522012e+02
5.844340663814112702e+01 1.008146333481524266e+02 8.130293689048343708e+01 1.009556676782567592e+02 8.908938209367801164e+01 7.946920850476737996e+01 6.830697457197167921e+01 1.012894378575522012e+02 1.009556676782567592e+02 1.009556676782567592e+02
1.012894378575522012e+02 1.004120653416525357e+02 5.146674111617697633e+01 1.002022331843437541e+02 1.006218974989613173e+02 1.007458355209479919e+02 1.012894378575522012e+02 1.009556676782567592e+02 2.701307362384858912e+00 5.144691723822408136e+01
1.012894378575522012e+02 8.052659665727750848e+01 7.603198085102258119e+01 7.279774398534364366e+01 1.006218974989613173e+02 9.076666660594975156e+01 1.012894378575522012e+02 1.009556676782567592e+02 5.144691723822408136e+01 1.002022331843437541e+02
