1.007453632353728210e+02 7.849496099235187785e+01 8.375083796739984621e+01 8.130040429632424548e+01 9.294958192439830214e+01 7.502397334943736951e+01 7.502397334943735530e+01 8.384457564952306541e+01 9.810865684680405252e+01 7.534517950690043619e+01
7.849496099235187785e+01 1.007453632353728210e+02 8.375083796739984621e+01 7.357392743652401634e+01 7.639191730677262626e+01 7.534517950690042198e+01 7.534517950690043619e+01 8.384457564952306541e+01 9.810865684680405252e+01 7.328214940707329106e+01
8.375083796739984621e+01 8.375083796739984621e+01 1.007453632353728210e+02 8.375083796739984621e+01 9.656205975369087469e+01 7.739209591531593446e+01 7.739209591531593446e+01 8.384457564952306541e+01 9.851217410946418340e+01 7.739209591531593446e+01
8.130040429632424548e+01 7.357392743652401634e+01 8.375083796739984621e+01 1.007453632353728210e+02 8.309258729960500034e+01 7.534517950690042198e+01 7.534517950690043619e+01 8.384457564952306541e+01 8.544621891803839731e+01 7.328214940707329106e+01
9.294958192439830214e+01 7.639191730677262626e+01 9.656205975369088890e+01 8.309258729960501455e+01 9.076468722136851852e+01 1.007453632353728210e+02 1.007453632353728210e+02 1.007453632353728210e+02 8.050975258190692330e+01 1.007453632353728210e+02
7.502397334943736951e+01 7.534517950690042198e+01 7.739209591531593446e+01 7.534517950690042198e+01 1.007453632353728210e+02 6.694378806367330981e+01 4.133776801139251234e+01 4.090018672329689053e+01 1.004622884652374637e+02 4.542259125086246740e+01
7.502397334943736951e+01 7.534517950690042198e+01 7.739209591531593446e+01 7.534517950690042198e+01 1.007453632353728210e+02 4.133776801139251234e+01 6.694378806367330981e+01 3.648123220731369543e+01 1.004622884652374637e+02 4.437316613994119052e+01
8.384457564952306541e+01 8.384457564952306541e+01 8.384457564952306541e+01 8.384457564952306541e+01 1.007453632353728210e+02 4.090018672329688343e+01 3.648123220731369543e+01 1.065888493923537972e+01 1.004622884652374637e+02 3.673395101364178572e+01
9.810865684680405252e+01 9.810865684680405252e+01 9.851217410946418340e+01 8.544621891803839731e+01 8.050975258190692330e+01 1.004622884652374637e+02 1.004622884652374637e+02 1.004622884652374637e+02 1.007453632353728210e+02 1.004622884652374637e+02
7.534517950690042198e+01 7.328214940707329106e+01 7.739209591531593446e+01 7.328214940707329106e+01 1.007453632353728210e+02 4.542259125086246740e+01 4.437316613994119052e+01 3.673395101364177862e+01 1.004622884652374637e+02 6.694378806367330981e+01
