1.044049991699007052e+02 8.092326919065314428e+01 1.008912502042900741e+02 1.006326041007414887e+02 8.216856900499058725e+01 8.422183054592781559e+01 1.022122020539013789e+02 1.008912502042900741e+02 1.024272195381301458e+02 1.026858656416787170e+02
8.092326919065314428e+01 9.327097815680498627e+01 9.601339609196134006e+01 9.747388351663474282e+01 9.747388351663474282e+01 1.029445117452273024e+02 1.000194049379020527e+02 9.248345206691220710e+01 1.044049991699007052e+02 1.029445117452273024e+02
1.008912502042900741e+02 9.601339609196134006e+01 1.014840243205538997e+02 9.274374723114704011e+01 8.186215574702760023e+01 9.139928603415590658e+01 1.007517146292279762e+02 7.463055776886014314e+01 1.044049991699007052e+02 9.139928603415592079e+01
1.006326041007414887e+02 9.747388351663474282e+01 9.274374723114704011e+01 1.044049991699007052e+02 9.248510112759845470e+01 1.026858656416787170e+02 1.022122020539013789e+02 9.952714505757197117e+01 5.837583623725693371e+01 8.095212129289393488e+01
8.216856900499058725e+01 9.747388351663474282e+01 8.186215574702760023e+01 9.248510112759845470e+01 1.044049991699007052e+02 7.978089303544582833e+01 1.022122020539013789e+02 9.952714505757197117e+01 1.024272195381301458e+02 1.026858656416787170e+02
8.422183054592781559e+01 1.029445117452273024e+02 9.139928603415590658e+01 1.026858656416787170e+02 7.978089303544582833e+01 1.044049991699007052e+02 1.029445117452273024e+02 9.139928603415592079e+01 1.024272195381301458e+02 7.841658244402690059e+01
1.022122020539013789e+02 1.000194049379020527e+02 1.007517146292279762e+02 1.022122020539013789e+02 1.022122020539013789e+02 1.029445117452273024e+02 1.378187891167074852e+00 1.007517146292279762e+02 1.044049991699007052e+02 1.029445117452273024e+02
1.008912502042900741e+02 9.248345206691222131e+01 7.463055776886014314e+01 9.952714505757197117e+01 9.952714505757197117e+01 9.139928603415590658e+01 1.007517146292279762e+02 1.014840243205538997e+02 1.044049991699007052e+02 9.139928603415590658e+01
1.024272195381301458e+02 1.044049991699007052e+02 1.044049991699007052e+02 5.837583623725694082e+01 1.024272195381301458e+02 1.024272195381301458e+02 1.044049991699007052e+02 1.044049991699007052e+02 1.351446251122043662e+01 5.789743050869583385e+01
1.026858656416787312e+02 1.029445117452273024e+02 9.139928603415590658e+01 8.095212129289393488e+01 1.026858656416787312e+02 7.841658244402690059e+01 1.029445117452273024e+02 9.139928603415590658e+01 5.789743050869584096e+01 1.044049991699007052e+02
