1.011487752961029827e+02 9.683293525825860115e+01 1.007378398756026030e+02 9.903504778719310764e+01 1.007378398756026030e+02 1.008017428365079411e+02 9.636158631154123100e+01 1.007378398756026030e+02 1.008179083834638021e+02 1.008017428365079411e+02
9.683293525825860115e+01 1.011487752961029827e+02 7.292461326563292801e+01 9.903504778719310764e+01 9.648777168247568170e+01 9.867670873994447334e+01 9.861280577903913525e+01 8.469727135693898390e+01 8.690237396136365078e+01 8.688620841440778975e+01
1.007378398756025888e+02 7.292461326563292801e+01 4.473613570362415004e+01 1.011487752961029827e+02 9.182676806884838072e+01 9.648777168247568170e+01 9.607683626197528781e+01 5.968321351207974601e+01 6.220477883201635905e+01 6.388704207378262367e+01
9.903504778719310764e+01 9.903504778719309343e+01 1.011487752961029827e+02 1.005825162987235757e+02 1.011487752961029827e+02 7.753506358662360753e+01 1.011487752961029827e+02 1.011487752961029827e+02 1.011487752961029827e+02 7.753506358662362175e+01
1.007378398756025888e+02 9.648777168247568170e+01 9.182676806884838072e+01 1.011487752961029827e+02 1.475329762226523123e+00 8.714724150404400405e+01 8.673630608354362437e+01 6.346222698418753083e+01 9.623697327769772869e+01 9.648777168247568170e+01
1.008017428365079411e+02 9.867670873994448755e+01 9.648777168247568170e+01 7.753506358662360753e+01 8.714724150404400405e+01 1.011487752961029827e+02 7.645279517972430483e+01 9.181750659325984998e+01 9.869287428690034858e+01 7.505366639710452148e+01
9.636158631154123100e+01 9.861280577903913525e+01 9.607683626197530202e+01 1.011487752961029827e+02 8.673630608354361016e+01 7.645279517972430483e+01 1.003269044551022091e+02 9.140657117275944188e+01 9.836200737426116802e+01 9.861280577903913525e+01
1.007378398756025888e+02 8.469727135693899811e+01 5.968321351207974601e+01 1.011487752961029827e+02 6.346222698418752373e+01 9.181750659325983577e+01 9.140657117275945609e+01 9.182676806884838072e+01 7.586607681223514987e+01 7.611687521701310288e+01
1.008179083834638163e+02 8.690237396136366499e+01 6.220477883201635905e+01 1.011487752961029827e+02 9.623697327769771448e+01 9.869287428690034858e+01 9.836200737426118224e+01 7.586607681223513566e+01 1.006471784865470624e+02 7.786480276951334645e+01
1.008017428365079411e+02 8.688620841440778975e+01 6.388704207378262367e+01 7.753506358662362175e+01 9.648777168247568170e+01 7.505366639710452148e+01 9.861280577903913525e+01 7.611687521701310288e+01 7.786480276951334645e+01 1.011487752961029827e+02
