2.341832017177492986e+01 6.283156367125138075e+01 8.260634716618136508e+01 8.260634716618136508e+01 7.275181516581608321e+01 8.159317822555715338e+01 8.260634716618136508e+01 1.051310440952235581e+02 8.260634716618136508e+01 8.159317822555715338e+01
6.283156367125138075e+01 1.051310440952235581e+02 8.785892140204114753e+01 8.785892140204114753e+01 8.819599154152655274e+01 9.336211116039035574e+01 9.312325754170919367e+01 9.837583177756896191e+01 9.312325754170919367e+01 9.336211116039035574e+01
8.260634716618136508e+01 8.785892140204114753e+01 1.051310440952235581e+02 6.585956702748646308e+01 9.312325754170919367e+01 8.645309846251583963e+01 8.621424484383467757e+01 9.777725198956457575e+01 8.621424484383467757e+01 8.645309846251583963e+01
8.260634716618136508e+01 8.785892140204113332e+01 6.585956702748644886e+01 1.051310440952235581e+02 9.312325754170919367e+01 8.039403313863405742e+01 8.253287740865216904e+01 9.777725198956457575e+01 8.253287740865215483e+01 8.039403313863405742e+01
7.275181516581608321e+01 8.819599154152655274e+01 9.312325754170919367e+01 9.312325754170919367e+01 1.051310440952235581e+02 9.336211116039035574e+01 7.304998417945539302e+01 8.090391865690433804e+01 7.304998417945539302e+01 9.336211116039035574e+01
8.159317822555715338e+01 9.336211116039035574e+01 8.645309846251583963e+01 8.039403313863405742e+01 9.336211116039035574e+01 1.031047062139751347e+02 8.277173102733331689e+01 1.051310440952235581e+02 8.277173102733331689e+01 5.359929910962796384e+01
8.260634716618136508e+01 9.312325754170919367e+01 8.621424484383467757e+01 8.253287740865215483e+01 7.304998417945539302e+01 8.277173102733331689e+01 1.051310440952235581e+02 8.356689455498322161e+01 5.869234263312929301e+01 8.277173102733331689e+01
1.051310440952235581e+02 9.837583177756896191e+01 9.777725198956457575e+01 9.777725198956457575e+01 8.090391865690433804e+01 1.051310440952235581e+02 8.356689455498322161e+01 1.021492917392504722e+02 8.356689455498322161e+01 1.051310440952235581e+02
8.260634716618136508e+01 9.312325754170919367e+01 8.621424484383467757e+01 8.253287740865215483e+01 7.304998417945539302e+01 8.277173102733333110e+01 5.869234263312929301e+01 8.356689455498322161e+01 1.051310440952235581e+02 8.277173102733333110e+01
8.159317822555715338e+01 9.336211116039035574e+01 8.645309846251583963e+01 8.039403313863405742e+01 9.336211116039035574e+01 5.359929910962796384e+01 8.277173102733331689e+01 1.051310440952235581e+02 8.277173102733331689e+01 1.031047062139751347e+02
