1.000529500044017794e+02 8.875300796203372045e+01 7.330548373210450563e+01 1.010393960045669530e+02 7.901631962758301597e+01 9.858554979665473184e+01 1.006165754646824553e+02 8.700580693431894019e+01 6.870325377949492918e+01 9.613170358874253907e+01
8.875300796203372045e+01 9.179663167604216767e+01 7.744125043826582555e+01 1.010393960045669530e+02 9.138071300440429923e+01 9.662492658882513297e+01 9.322242123323891860e+01 1.026806550467723724e+02 1.000529500044017794e+02 9.221045717308329870e+01
7.330548373210451985e+01 7.744125043826581134e+01 1.000529500044017794e+02 1.010393960045669530e+02 9.344479258649420217e+01 9.858554979665476026e+01 1.006165754646824553e+02 8.700580693431894019e+01 6.870325377949492918e+01 9.613170358874253907e+01
1.010393960045669530e+02 1.010393960045669530e+02 1.010393960045669530e+02 8.384365757188327883e-02 1.031738780468549521e+02 8.950178212966822855e+01 1.031738780468549521e+02 1.031738780468549521e+02 1.010393960045669530e+02 1.010393960045669530e+02
7.901631962758303018e+01 9.138071300440431344e+01 9.344479258649421638e+01 1.031738780468549521e+02 1.053083600891429512e+02 1.009666433389840279e+02 1.006436047951696935e+02 8.225537688444143214e+01 1.026806550467723724e+02 9.875940863111311785e+01
9.858554979665474605e+01 9.662492658882511876e+01 9.858554979665474605e+01 8.950178212966821434e+01 1.009666433389840563e+02 1.010393960045669530e+02 1.009666433389840563e+02 1.029272665468136694e+02 1.005461730044843733e+02 7.255376008394064513e+01
1.006165754646824695e+02 9.322242123323893281e+01 1.006165754646824695e+02 1.031738780468549521e+02 1.006436047951696935e+02 1.009666433389840279e+02 1.053083600891429512e+02 1.027076843772596106e+02 1.026806550467723724e+02 9.875940863111311785e+01
8.700580693431894019e+01 1.026806550467723582e+02 8.700580693431894019e+01 1.031738780468549521e+02 8.225537688444143214e+01 1.029272665468136552e+02 1.027076843772596106e+02 1.053083600891429512e+02 5.830893757246288089e+01 1.026806550467723582e+02
6.870325377949492918e+01 1.000529500044017794e+02 6.870325377949492918e+01 1.010393960045669530e+02 1.026806550467723582e+02 1.005461730044843591e+02 1.026806550467723582e+02 5.830893757246288089e+01 1.319403542287922448e+01 1.000529500044017794e+02
9.613170358874253907e+01 9.221045717308329870e+01 9.613170358874253907e+01 1.010393960045669530e+02 9.875940863111313206e+01 7.255376008394064513e+01 9.875940863111313206e+01 1.026806550467723724e+02 1.000529500044017794e+02 1.800016953647921270e+01
