1.009325070888790492e+02 6.767228501511053196e+01 1.004794472745785470e+02 8.853529149203838244e+01 9.971740738798146708e+01 8.853529149203838244e+01 8.256592716662838427e+01 7.659113570949821792e+01 8.853529149203838244e+01 6.740606903565625885e+01
6.767228501511053196e+01 5.224976433011739374e+01 1.000263874602780305e+02 6.681146860400640719e+01 1.009325070888790492e+02 6.681146860400640719e+01 6.726452841830692364e+01 3.359654974773478386e+01 6.974348695174425927e+01 8.242636080064599469e+01
1.004794472745785470e+02 1.000263874602780305e+02 3.221031554100123628e+01 9.840096388414112027e+01 1.009325070888790492e+02 9.840096388414112027e+01 1.004794472745785470e+02 1.000263874602780305e+02 9.840096388414112027e+01 1.004794472745785470e+02
8.853529149203838244e+01 6.681146860400640719e+01 9.840096388414112027e+01 1.000263874602780305e+02 1.009325070888790492e+02 6.956673608026348177e+01 7.619946060004134836e+01 5.257802952641781502e+01 6.479215582272466634e+01 9.145290403761228504e+01
9.971740738798146708e+01 1.009325070888790492e+02 1.009325070888790492e+02 1.009325070888790492e+02 1.186562802935399397e+00 1.009325070888790492e+02 9.971740738798146708e+01 1.009325070888790492e+02 1.009325070888790492e+02 9.971740738798146708e+01
8.853529149203838244e+01 6.681146860400640719e+01 9.840096388414112027e+01 6.956673608026348177e+01 1.009325070888790492e+02 1.000263874602780305e+02 7.619946060004134836e+01 5.257802952641781502e+01 7.601933820782188889e+01 9.145290403761228504e+01
8.256592716662838427e+01 6.726452841830692364e+01 1.004794472745785470e+02 7.619946060004134836e+01 9.971740738798146708e+01 7.619946060004134836e+01 1.009325070888790492e+02 5.303833192719564948e+01 8.214070254858492603e+01 8.548353971220228686e+01
7.659113570949821792e+01 3.359654974773478386e+01 1.000263874602780305e+02 5.257802952641782213e+01 1.009325070888790492e+02 5.257802952641782213e+01 5.303833192719565659e+01 7.381872768895265224e+00 6.334889800829080997e+01 8.242636080064599469e+01
8.853529149203838244e+01 6.974348695174425927e+01 9.840096388414112027e+01 6.479215582272466634e+01 1.009325070888790492e+02 7.601933820782188889e+01 8.214070254858492603e+01 6.334889800829081707e+01 1.000263874602780305e+02 9.145290403761227083e+01
6.740606903565625885e+01 8.242636080064600890e+01 1.004794472745785470e+02 9.145290403761227083e+01 9.971740738798146708e+01 9.145290403761227083e+01 8.548353971220228686e+01 8.242636080064600890e+01 9.145290403761227083e+01 1.009325070888790492e+02
