9.252289899065023349e+01 5.782458831035332025e+01 7.641024834227322060e+01 1.004755304299781358e+02 1.004755304299781358e+02 8.009444325045714663e+01 1.004755304299781358e+02 7.605850832071870116e+01 1.004755304299781358e+02 7.605850832071870116e+01
5.782458831035332025e+01 9.252289899065023349e+01 8.009444325045716084e+01 1.004755304299781358e+02 1.004755304299781358e+02 7.884363938123044591e+01 1.004755304299781358e+02 7.820567548987430939e+01 1.004755304299781358e+02 7.820567548987430939e+01
7.641024834227320639e+01 8.009444325045714663e+01 1.004755304299781358e+02 9.254707139717859832e+01 9.536200017434963172e+01 7.811837159388934992e+01 9.817692895152067933e+01 9.733807183091741422e+01 9.536200017434963172e+01 9.452314305374639503e+01
1.004755304299781358e+02 1.004755304299781358e+02 9.254707139717859832e+01 5.326090739710133137e-01 7.101845477160310338e+01 5.475152663677488363e+01 9.587832747306322290e+01 9.817692895152066512e+01 7.101845477160310338e+01 7.331705625006055982e+01
1.004755304299781358e+02 1.004755304299781358e+02 9.536200017434964593e+01 7.101845477160310338e+01 9.587832747306322290e+01 8.574699260079061958e+01 7.855415356766528134e+01 8.951484199882170856e+01 7.080764257824122865e+01 8.566349270549983430e+01
8.009444325045714663e+01 7.884363938123044591e+01 7.811837159388934992e+01 5.475152663677488363e+01 8.574699260079061958e+01 1.004755304299781358e+02 9.817692895152066512e+01 9.733807183091742843e+01 8.574699260079061958e+01 8.490813548018736867e+01
1.004755304299781358e+02 1.004755304299781358e+02 9.817692895152066512e+01 9.587832747306322290e+01 7.855415356766528134e+01 9.817692895152067933e+01 3.575333436633949447e+01 5.946546788510778470e+01 8.296126612622695973e+01 9.817692895152066512e+01
7.605850832071868695e+01 7.820567548987432360e+01 9.733807183091741422e+01 9.817692895152067933e+01 8.951484199882170856e+01 9.733807183091742843e+01 5.946546788510778470e+01 1.004755304299781358e+02 9.171839827810254064e+01 7.573374972970628960e+01
1.004755304299781358e+02 1.004755304299781358e+02 9.536200017434964593e+01 7.101845477160310338e+01 7.080764257824122865e+01 8.574699260079061958e+01 8.296126612622697394e+01 9.171839827810254064e+01 9.587832747306322290e+01 8.566349270549983430e+01
7.605850832071868695e+01 7.820567548987432360e+01 9.452314305374639503e+01 7.331705625006055982e+01 8.566349270549983430e+01 8.490813548018736867e+01 9.817692895152067933e+01 7.573374972970628960e+01 8.566349270549983430e+01 1.004755304299781358e+02
