2.877825804597150761e+00 1.003038244725654238e+02 8.397515504493989624e+01 1.003038244725654238e+02 1.003038244725654238e+02 1.003038244725654238e+02 1.003038244725654238e+02 6.818908521649935039e+01 6.798569417959821237e+01 1.001004334356642858e+02
1.003038244725654238e+02 1.005072155094665618e+02 9.493474004886647322e+01 9.498027885651833913e+01 8.262344399286433827e+01 9.905051640504539989e+01 9.905051640504539989e+01 1.003493632802173039e+02 9.900497759739351977e+01 9.770613072222161577e+01
8.397515504493989624e+01 9.493474004886645901e+01 1.001004334356642858e+02 8.360553549718585487e+01 9.900497759739351977e+01 9.900497759739351977e+01 9.900497759739351977e+01 9.224118527720322902e+01 9.073894736513018699e+01 9.750273968532047775e+01
1.003038244725654238e+02 9.498027885651833913e+01 8.360553549718585487e+01 1.005072155094665618e+02 9.905051640504538568e+01 8.268389827421955829e+01 7.698665353914103093e+01 8.398274514939146229e+01 9.900497759739351977e+01 9.770613072222161577e+01
1.003038244725654238e+02 8.262344399286435248e+01 9.900497759739351977e+01 9.905051640504538568e+01 1.005072155094665618e+02 8.953217628823540508e+01 8.953217628823540508e+01 1.003493632802172897e+02 8.948663748058352496e+01 7.866945048860164036e+01
1.003038244725654238e+02 9.905051640504539989e+01 9.900497759739351977e+01 8.268389827421955829e+01 8.953217628823539087e+01 1.005072155094665618e+02 6.759158272679877655e+01 7.934491077672821291e+01 7.815241478326073832e+01 5.600100509395605286e+01
1.003038244725654238e+02 9.905051640504539989e+01 9.900497759739351977e+01 7.698665353914103093e+01 8.953217628823539087e+01 6.759158272679877655e+01 1.005072155094665618e+02 8.398274514939146229e+01 8.391266204997273803e+01 6.752149962738006650e+01
6.818908521649935039e+01 1.003493632802173039e+02 9.224118527720322902e+01 8.398274514939146229e+01 1.003493632802172897e+02 7.934491077672821291e+01 8.398274514939146229e+01 1.005072155094665618e+02 7.716562504809098755e+01 1.003038244725654238e+02
6.798569417959821237e+01 9.900497759739351977e+01 9.073894736513018699e+01 9.900497759739351977e+01 8.948663748058353917e+01 7.815241478326073832e+01 8.391266204997273803e+01 7.716562504809098755e+01 1.001004334356642858e+02 5.555493892905820275e+01
1.001004334356642858e+02 9.770613072222161577e+01 9.750273968532047775e+01 9.770613072222161577e+01 7.866945048860164036e+01 5.600100509395605286e+01 6.752149962738006650e+01 1.003038244725654238e+02 5.555493892905820985e+01 9.977722908640636046e-01
