1.013259718887261727e+02 6.873195815305250278e+01 8.827954092350336168e+01 8.306628085148001617e+01 9.217554328900820337e+01 8.827954092350336168e+01 8.688993555688816173e+01 8.306628085148001617e+01 1.009283232172231237e+02 9.721056210637490835e+01
6.873195815305248857e+01 6.480658981423385967e+01 8.186440666854143444e+01 6.240284144835669622e+01 6.771334255907024158e+01 7.192279745950412462e+01 1.013259718887261727e+02 4.251962303028209078e+01 1.013259718887261727e+02 1.013259718887261727e+02
8.827954092350336168e+01 8.186440666854143444e+01 1.013259718887261727e+02 6.619957966122532866e+01 9.097366910606962165e+01 7.143610507012722621e+01 7.785123932508915345e+01 8.066253248560285272e+01 1.009283232172231237e+02 7.701073488085475560e+01
8.306628085148001617e+01 6.240284144835669622e+01 6.619957966122532866e+01 5.394397752566941762e+01 8.066253248560285272e+01 8.066253248560285272e+01 1.013259718887261727e+02 5.999909308247952566e+01 1.013259718887261727e+02 1.013259718887261727e+02
9.217554328900820337e+01 6.771334255907025579e+01 9.097366910606962165e+01 8.066253248560285272e+01 1.013259718887261727e+02 8.103205989703232603e+01 1.012848057265364048e+02 6.077931406752824728e+01 1.012848057265364048e+02 1.012848057265364048e+02
8.827954092350336168e+01 7.192279745950412462e+01 7.143610507012724042e+01 8.066253248560285272e+01 8.103205989703232603e+01 1.013259718887261727e+02 7.439191182578819905e+01 5.619598627726558959e+01 1.009283232172231379e+02 8.156900043593736882e+01
8.688993555688816173e+01 1.013259718887261727e+02 7.785123932508915345e+01 1.013259718887261727e+02 1.012848057265364048e+02 7.439191182578821326e+01 8.565963010232722752e+01 1.013259718887261727e+02 1.005306745457201032e+02 7.745359065358613293e+01
8.306628085148001617e+01 4.251962303028209078e+01 8.066253248560285272e+01 5.999909308247952566e+01 6.077931406752824728e+01 5.619598627726558959e+01 1.013259718887261727e+02 1.501778185774668728e+01 1.013259718887261727e+02 1.013259718887261727e+02
1.009283232172231379e+02 1.013259718887261727e+02 1.009283232172231379e+02 1.013259718887261727e+02 1.012848057265364048e+02 1.009283232172231237e+02 1.005306745457201032e+02 1.013259718887261727e+02 6.098655090755891628e+00 5.440384969844396323e+01
9.721056210637492256e+01 1.013259718887261727e+02 7.701073488085475560e+01 1.013259718887261727e+02 1.012848057265364048e+02 8.156900043593736882e+01 7.745359065358613293e+01 1.013259718887261727e+02 5.440384969844397034e+01 1.005306745457201032e+02
