5.968308874860185631e-02 6.715855838438697845e+01 8.030290130598123710e+01 4.903472621226226380e+01 9.158662390405567066e+01 1.028703465021301042e+02 1.028703465021301042e+02 2.142584934476108671e+01 9.158662390405567066e+01 8.030290130598123710e+01
6.715855838438697845e+01 8.030290130598123710e+01 4.539466831021931625e+01 7.168882375418633046e+01 7.238614107881397786e+01 1.028703465021301042e+02 1.028703465021301042e+02 6.715855838438697845e+01 8.640679641631601271e+01 4.775144230207311580e+01
8.030290130598123710e+01 4.539466831021931625e+01 1.405714481406564609e+01 8.030290130598123710e+01 5.667839090829374982e+01 1.028703465021301042e+02 1.028703465021301042e+02 8.030290130598123710e+01 8.122696892857634055e+01 1.640272195345906070e+01
4.903472621226226380e+01 7.168882375418631625e+01 8.030290130598123710e+01 7.213527694199011364e+01 9.158662390405567066e+01 1.028703465021301042e+02 1.028703465021301042e+02 4.903472621226226380e+01 9.158662390405567066e+01 8.030290130598123710e+01
9.158662390405567066e+01 7.238614107881397786e+01 5.667839090829374982e+01 9.158662390405567066e+01 1.028703465021301042e+02 9.658808774960024834e+01 9.658808774960024834e+01 9.158662390405567066e+01 7.591514767114581730e+01 5.903516490014754936e+01
1.028703465021301042e+02 1.028703465021301042e+02 1.028703465021301042e+02 1.028703465021301042e+02 9.658808774960023413e+01 1.591623036876239183e+00 5.191491177047130634e+01 1.028703465021301042e+02 9.658808774960023413e+01 1.028703465021301042e+02
1.028703465021301042e+02 1.028703465021301042e+02 1.028703465021301042e+02 1.028703465021301042e+02 9.658808774960023413e+01 5.191491177047130634e+01 8.976830079882424229e+01 1.028703465021301042e+02 9.658808774960023413e+01 1.028703465021301042e+02
2.142584934476108671e+01 6.715855838438697845e+01 8.030290130598123710e+01 4.903472621226226380e+01 9.158662390405567066e+01 1.028703465021301042e+02 1.028703465021301042e+02 3.820151871967542689e+00 9.158662390405567066e+01 8.030290130598123710e+01
9.158662390405567066e+01 8.640679641631601271e+01 8.122696892857634055e+01 9.158662390405567066e+01 7.591514767114581730e+01 9.658808774960024834e+01 9.658808774960024834e+01 9.158662390405567066e+01 1.028703465021301042e+02 8.122696892857634055e+01
8.030290130598123710e+01 4.775144230207310869e+01 1.640272195345905715e+01 8.030290130598123710e+01 5.903516490014754226e+01 1.028703465021301042e+02 1.028703465021301042e+02 8.030290130598123710e+01 8.122696892857634055e+01 2.115377640344063082e+01
