4.423211568680579830e+01 6.914873125876297877e+01 1.001710612692061915e+02 1.000135351119507447e+02 1.007552027902589487e+02 1.032858786234325805e+02 1.000135351119507447e+02 1.025442109451243766e+02 1.000135351119507447e+02 1.000135351119507447e+02
6.914873125876297877e+01 1.050748867782980227e+02 1.026229740237521071e+02 1.025442109451243766e+02 1.029150447842784786e+02 9.335994531579306965e+01 1.025442109451243766e+02 9.298911147663896770e+01 1.025442109451243766e+02 1.025442109451243766e+02
1.001710612692062057e+02 1.026229740237521071e+02 1.003285874264616382e+02 9.745438848257987274e+01 8.892678572859178132e+01 1.032858786234325805e+02 7.725212786804561915e+01 8.083524614126295660e+01 8.007635588000012206e+01 7.635670098861641009e+01
1.000135351119507447e+02 1.025442109451243766e+02 9.745438848257987274e+01 4.123419348442259746e+01 9.803853000363262993e+01 1.032858786234325805e+02 6.171268515877131478e+01 9.982753815849807211e+01 5.994619832730412412e+01 9.458018953869810730e+01
1.007552027902589487e+02 1.029150447842784786e+02 8.892678572859178132e+01 9.803853000363264414e+01 1.014968704685671526e+02 8.104328563512537187e+01 8.748968625665089860e+01 9.100786464398359499e+01 8.748968625665089860e+01 6.040022836447339927e+01
1.032858786234325805e+02 9.335994531579306965e+01 1.032858786234325805e+02 1.032858786234325805e+02 8.104328563512537187e+01 1.050748867782980227e+02 1.032858786234325805e+02 7.874852712693767387e+01 1.032858786234325805e+02 1.032858786234325805e+02
1.000135351119507447e+02 1.025442109451243766e+02 7.725212786804561915e+01 6.171268515877131478e+01 8.748968625665089860e+01 1.032858786234325805e+02 9.458018953869810730e+01 7.962527754396380431e+01 5.767115156976043977e+01 7.348250204473464464e+01
1.025442109451243766e+02 9.298911147663896770e+01 8.083524614126294239e+01 9.982753815849807211e+01 9.100786464398359499e+01 7.874852712693767387e+01 7.962527754396380431e+01 1.050748867782980227e+02 8.244950555591830721e+01 7.872985066453459524e+01
1.000135351119507447e+02 1.025442109451243766e+02 8.007635588000010785e+01 5.994619832730412412e+01 8.748968625665089860e+01 1.032858786234325805e+02 5.767115156976043977e+01 8.244950555591830721e+01 9.458018953869810730e+01 7.348250204473464464e+01
1.000135351119507447e+02 1.025442109451243766e+02 7.635670098861641009e+01 9.458018953869810730e+01 6.040022836447339216e+01 1.032858786234325805e+02 7.348250204473464464e+01 7.872985066453459524e+01 7.348250204473464464e+01 5.789581950824166157e+00
