1.022267932730264022e+02 7.479166629922042375e+01 9.725270448124646805e+01 8.343561008339761997e+01 1.012216876350559858e+02 1.014398882224591603e+02 1.014398882224591603e+02 8.343388054547800436e+01 1.014398882224591603e+02 7.479166629922042375e+01
7.479166629922042375e+01 2.234443733354245865e+01 9.227861568946653392e+01 7.378829019916962295e+01 1.012234171729756014e+02 1.006529831718919468e+02 1.006529831718919468e+02 7.479166629922042375e+01 1.006529831718919468e+02 4.619487773311231393e+01
9.725270448124645384e+01 9.227861568946653392e+01 1.010859252708590788e+02 9.646579943067924034e+01 1.014398882224591603e+02 9.479377952021121700e+01 9.479377952021121700e+01 9.725270448124646805e+01 9.479377952021121700e+01 9.227861568946653392e+01
8.343561008339761997e+01 7.378829019916962295e+01 9.646579943067924034e+01 1.002200410729248006e+02 7.953198392075277923e+01 8.824409774968758313e+01 8.824409774968758313e+01 7.934642098600863847e+01 8.824409774968759734e+01 7.378829019916962295e+01
1.012216876350559858e+02 1.012234171729755872e+02 1.014398882224591603e+02 7.953198392075279344e+01 1.022267932730264022e+02 8.903100280025481084e+01 8.903100280025481084e+01 7.844625743743550572e+01 8.903100280025481084e+01 1.012234171729755872e+02
1.014398882224591603e+02 1.006529831718919468e+02 9.479377952021121700e+01 8.824409774968758313e+01 8.903100280025481084e+01 1.010859252708590788e+02 6.852845105851041296e+01 1.014398882224591603e+02 6.852845105851039875e+01 1.006529831718919468e+02
1.014398882224591603e+02 1.006529831718919468e+02 9.479377952021121700e+01 8.824409774968758313e+01 8.903100280025481084e+01 6.852845105851041296e+01 1.010859252708590788e+02 1.014398882224591603e+02 6.048381543081096368e+01 1.006529831718919468e+02
8.343388054547801858e+01 7.479166629922042375e+01 9.725270448124646805e+01 7.934642098600862425e+01 7.844625743743550572e+01 1.014398882224591745e+02 1.014398882224591745e+02 1.022267932730264022e+02 1.014398882224591603e+02 7.479166629922042375e+01
1.014398882224591745e+02 1.006529831718919468e+02 9.479377952021121700e+01 8.824409774968759734e+01 8.903100280025482505e+01 6.852845105851039875e+01 6.048381543081096368e+01 1.014398882224591603e+02 1.010859252708590788e+02 1.006529831718919468e+02
7.479166629922042375e+01 4.619487773311231393e+01 9.227861568946653392e+01 7.378829019916962295e+01 1.012234171729756014e+02 1.006529831718919468e+02 1.006529831718919468e+02 7.479166629922042375e+01 1.006529831718919468e+02 2.717814455092841186e+01
