1.050987880844401872e+02 7.893758564345658613e+01 1.027498859889050635e+02 9.107229620733643571e+01 7.499924050220099048e+01 8.473157487922995301e+01 7.981414531329509998e+01 9.371444962158086867e+01 7.798759148375722816e+01 1.004584330170536077e+02
7.893758564345657192e+01 1.002096011849463082e+02 8.805479378965574710e+01 1.050987880844401872e+02 7.255464705245404389e+01 1.003627416628417990e+02 7.746524321775997635e+01 1.028455773431168723e+02 1.050987880844401872e+02 9.810953092151848409e+01
1.027498859889050493e+02 8.805479378965574710e+01 1.005923666017935574e+02 1.050987880844401872e+02 1.004009838933699257e+02 1.027498859889050635e+02 9.573740075813822159e+01 9.808630285367334523e+01 1.050987880844401872e+02 9.573740075813822159e+01
9.107229620733643571e+01 1.050987880844401872e+02 1.050987880844401872e+02 9.002375294481585399e+01 1.050987880844401872e+02 9.107229620733644992e+01 1.050987880844401872e+02 8.517408786791621367e+01 7.114759599081246222e+01 1.050987880844401872e+02
7.499924050220099048e+01 7.255464705245404389e+01 1.004009838933699399e+02 1.050987880844401872e+02 6.618264018748914168e+01 9.807128869099032897e+01 7.274602976087767559e+01 1.028455773431168723e+02 1.050987880844401872e+02 9.581807794966701408e+01
8.473157487922995301e+01 1.003627416628417848e+02 1.027498859889050635e+02 9.107229620733643571e+01 9.807128869099034318e+01 1.050987880844401872e+02 1.004584330170536077e+02 9.371444962158086867e+01 7.122586072006998847e+01 8.014684932028372089e+01
7.981414531329509998e+01 7.746524321775997635e+01 9.573740075813822159e+01 1.050987880844401872e+02 7.274602976087767559e+01 1.004584330170536077e+02 1.005923666017935574e+02 8.110540412616869332e+01 1.050987880844401872e+02 7.646504905878211389e+01
9.371444962158086867e+01 1.028455773431168723e+02 9.808630285367334523e+01 8.517408786791621367e+01 1.028455773431168723e+02 9.371444962158086867e+01 8.110540412616869332e+01 1.050987880844401872e+02 7.703188858572906383e+01 7.845666270690036015e+01
7.798759148375721395e+01 1.050987880844401872e+02 1.050987880844401872e+02 7.114759599081246222e+01 1.050987880844401872e+02 7.122586072006998847e+01 1.050987880844401872e+02 7.703188858572906383e+01 6.406785571564954296e+01 1.050987880844401872e+02
1.004584330170536077e+02 9.810953092151846988e+01 9.573740075813822159e+01 1.050987880844401872e+02 9.581807794966702829e+01 8.014684932028373510e+01 7.646504905878211389e+01 7.845666270690036015e+01 1.050987880844401872e+02 1.005923666017935574e+02
