0 1 1.00e-01
0 4 1.00e-01
1 0 1.00e-01
1 2 1.00e-01
1 5 1.00e-01
2 1 1.00e-01
2 3 1.00e-01
2 6 1.00e-01
3 2 1.00e-01
3 7 1.00e-01
4 0 1.00e-01
4 5 1.00e-01
4 8 1.00e-01
5 1 1.00e-01
5 4 1.00e-01
5 6 1.00e-01
5 9 1.00e-01
6 2 1.00e-01
6 5 1.00e-01
6 7 1.00e-01
6 10 1.00e-01
7 3 1.00e-01
7 6 1.00e-01
7 11 1.00e-01
8 4 1.00e-01
8 9 1.00e-01
8 12 1.00e-01
9 5 1.00e-01
9 8 1.00e-01
9 10 1.00e-01
9 13 1.00e-01
10 6 1.00e-01
10 9 1.00e-01
10 11 1.00e-01
10 14 1.00e-01
11 7 1.00e-01
11 10 1.00e-01
11 15 1.00e-01
12 8 1.00e-01
12 13 1.00e-01
12 16 1.00e-01
13 9 1.00e-01
13 12 1.00e-01
13 14 1.00e-01
13 17 1.00e-01
14 10 1.00e-01
14 13 1.00e-01
14 15 1.00e-01
14 18 1.00e-01
15 11 1.00e-01
15 14 1.00e-01
15 19 1.00e-01
16 12 1.00e-01
16 17 1.00e-01
17 13 1.00e-01
17 16 1.00e-01
17 18 1.00e-01
18 14 1.00e-01
18 17 1.00e-01
18 19 1.00e-01
19 15 1.00e-01
19 18 1.00e-01
