1.413748208784718940e+01 1.001986711215153605e+02 6.197453770805425677e+01 7.237916081174412852e+01 7.237916081174412852e+01 9.744787478645596934e+01 1.001986711215153605e+02 1.001986711215153605e+02 9.660220706264405521e+01 1.010586137082997027e+02
1.001986711215153605e+02 9.942734008761792097e+01 9.840596473343188677e+01 7.908538597939369197e+01 9.840596473343187256e+01 1.010443388453273030e+02 7.553825126293621395e+01 7.709392301058667840e+01 7.888662939867015211e+01 7.974657198545448011e+01
6.197453770805425677e+01 9.840596473343187256e+01 1.001986711215153605e+02 8.609608320815539173e+01 7.743735736297580274e+01 9.924610681589163619e+01 8.131643312995501560e+01 8.729857178440570920e+01 9.680056546247058691e+01 9.945874007869058175e+01
7.237916081174412852e+01 7.908538597939369197e+01 8.609608320815539173e+01 1.001986711215153605e+02 7.792119193306778868e+01 9.924610681589163619e+01 9.981300560456665494e+01 9.981300560456665494e+01 9.820760633360534086e+01 1.008657809498253357e+02
7.237916081174412852e+01 9.840596473343188677e+01 7.743735736297580274e+01 7.792119193306778868e+01 1.001986711215153605e+02 9.924610681589163619e+01 8.974723888825229778e+01 8.974723888825229778e+01 9.680056546247057270e+01 9.945874007869058175e+01
9.744787478645596934e+01 1.010443388453273030e+02 9.924610681589163619e+01 9.924610681589163619e+01 9.924610681589163619e+01 1.018900065691392314e+02 1.010443388453273030e+02 1.010443388453273030e+02 8.021762970550732064e+01 1.014814475702056598e+02
1.001986711215153605e+02 7.553825126293621395e+01 8.131643312995501560e+01 9.981300560456664073e+01 8.974723888825228357e+01 1.010443388453273030e+02 9.379917660307887672e+01 6.457948919042573266e+01 7.747958852753538395e+01 7.833953111431972616e+01
1.001986711215153605e+02 7.709392301058666419e+01 8.729857178440570920e+01 9.981300560456664073e+01 8.974723888825228357e+01 1.010443388453273030e+02 6.457948919042573266e+01 9.379917660307887672e+01 7.546956734841316461e+01 7.632950993519750682e+01
9.660220706264404100e+01 7.888662939867015211e+01 9.680056546247058691e+01 9.820760633360534086e+01 9.680056546247057270e+01 8.021762970550732064e+01 7.747958852753538395e+01 7.546956734841316461e+01 1.001986711215153605e+02 7.648606170122529591e+01
1.010586137082997027e+02 7.974657198545448011e+01 9.945874007869058175e+01 1.008657809498253357e+02 9.945874007869058175e+01 1.014814475702056598e+02 7.833953111431972616e+01 7.632950993519750682e+01 7.648606170122528169e+01 1.019185562950840307e+02
