5.048468566001326430e+00 7.421907889525212454e+01 7.959766112055629605e+01 1.005208178430316934e+02 8.304232390526570384e+01 1.005208178430316934e+02 1.005208178430316934e+02 1.005208178430316934e+02 1.005208178430316934e+02 7.959766112055628184e+01
7.421907889525212454e+01 1.005208178430316934e+02 6.806072576766085547e+01 9.361413323920433527e+01 8.999001279324730262e+01 9.221472923161778112e+01 9.747071945371492063e+01 7.579563628900686467e+01 9.221472923161778112e+01 8.826768140089259873e+01
7.959766112055628184e+01 6.806072576766085547e+01 1.005208178430316934e+02 9.361413323920433527e+01 8.999001279324730262e+01 9.221472923161778112e+01 9.747071945371492063e+01 7.579563628900686467e+01 9.221472923161778112e+01 8.328156518994515523e+01
1.005208178430316934e+02 9.361413323920434948e+01 9.361413323920434948e+01 3.018391758094685784e+01 9.693770168122888720e+01 9.003101707740154325e+01 9.442062106439813363e+01 5.236815975247455413e+01 9.003101707740154325e+01 9.693770168122890141e+01
8.304232390526571805e+01 8.999001279324730262e+01 8.999001279324730262e+01 9.693770168122890141e+01 1.005208178430316934e+02 8.242224230064769586e+01 8.295526007313371508e+01 9.693770168122890141e+01 8.242224230064769586e+01 8.632661110605855015e+01
1.005208178430316934e+02 9.221472923161776691e+01 9.221472923161776691e+01 9.003101707740154325e+01 8.242224230064769586e+01 9.335458551942608096e+01 7.301672881749426836e+01 8.696982884880269182e+01 5.270802751831733701e+01 9.327429999404014893e+01
1.005208178430316934e+02 9.747071945371490642e+01 9.747071945371490642e+01 9.442062106439811942e+01 8.295526007313371508e+01 7.301672881749425414e+01 9.548665660937017208e+01 9.442062106439811942e+01 7.597944136822007977e+01 9.380731776652618237e+01
1.005208178430316934e+02 7.579563628900686467e+01 7.579563628900686467e+01 5.236815975247455413e+01 9.693770168122888720e+01 8.696982884880270603e+01 9.442062106439813363e+01 8.670744863537700553e+01 8.696982884880269182e+01 9.693770168122890141e+01
1.005208178430316934e+02 9.221472923161776691e+01 9.221472923161776691e+01 9.003101707740154325e+01 8.242224230064769586e+01 5.270802751831733701e+01 7.597944136822006556e+01 8.696982884880267761e+01 9.335458551942608096e+01 9.327429999404014893e+01
7.959766112055629605e+01 8.826768140089259873e+01 8.328156518994516944e+01 9.693770168122888720e+01 8.632661110605855015e+01 9.327429999404014893e+01 9.380731776652616816e+01 9.693770168122888720e+01 9.327429999404014893e+01 1.005208178430316934e+02
