6.167940009385366551e+01 9.468035254192983530e+01 8.498726738430559635e+01 1.019083676606050659e+02 1.001350669150776014e+02 9.590387116880317819e+01 9.590387116880317819e+01 8.922563816878208343e+01 9.523013466058397114e+01 1.019083676606050659e+02
9.468035254192983530e+01 1.001350669150776014e+02 9.795749184715785418e+01 1.019083676606050659e+02 5.136371772304583061e+01 9.039078412833413267e+01 9.039078412833413267e+01 7.819946408784397818e+01 8.971704762011492562e+01 1.019083676606050659e+02
8.498726738430559635e+01 9.795749184715785418e+01 1.012346311523858589e+02 9.241129048746827834e+01 1.006848490337317230e+02 9.890611941470412205e+01 9.890611941470412205e+01 9.523013466058397114e+01 8.882742976576098215e+01 9.241129048746827834e+01
1.019083676606050659e+02 1.019083676606050659e+02 9.241129048746827834e+01 1.025821041688242730e+02 1.019083676606050659e+02 9.044558956954485041e+01 7.805699479668649587e+01 1.019083676606050659e+02 9.250341451988113306e+01 6.772894814282824427e+01
1.001350669150776014e+02 5.136371772304583772e+01 1.006848490337317230e+02 1.019083676606050659e+02 1.109096428701367709e-01 1.013585855419509301e+02 1.013585855419509301e+02 1.001350669150776014e+02 1.006848490337317230e+02 1.019083676606050659e+02
9.590387116880317819e+01 9.039078412833413267e+01 9.890611941470412205e+01 9.044558956954485041e+01 1.013585855419509443e+02 1.025821041688242730e+02 6.842120481811562627e+01 5.785959815774660342e+01 7.808829542193973339e+01 8.044161782605952737e+01
9.590387116880317819e+01 9.039078412833413267e+01 9.890611941470412205e+01 7.805699479668649587e+01 1.013585855419509443e+02 6.842120481811562627e+01 1.025821041688242730e+02 5.343917720578262731e+01 7.988398290917584177e+01 9.044558956954485041e+01
8.922563816878208343e+01 7.819946408784397818e+01 9.523013466058397114e+01 1.019083676606050659e+02 1.001350669150776014e+02 5.785959815774661053e+01 5.343917720578262731e+01 5.087853773731019658e+00 5.718586164952740347e+01 1.019083676606050659e+02
9.523013466058397114e+01 8.971704762011492562e+01 8.882742976576098215e+01 9.250341451988113306e+01 1.006848490337317230e+02 7.808829542193971918e+01 7.988398290917582756e+01 5.718586164952740347e+01 1.012346311523858589e+02 9.250341451988113306e+01
1.019083676606050659e+02 1.019083676606050659e+02 9.241129048746827834e+01 6.772894814282824427e+01 1.019083676606050659e+02 8.044161782605952737e+01 9.044558956954485041e+01 1.019083676606050659e+02 9.250341451988113306e+01 1.025821041688242730e+02
