9.718124358642337768e+01 1.011761384956225953e+02 9.802864202228248303e+01 1.044620967588501514e+02 1.081492769338827884e+02 7.435209170449778071e+01 7.864352358676042343e+01 7.045359666738694671e+01 1.018542839872025496e+02 1.018542839872025496e+02
1.011761384956226095e+02 1.081492769338827884e+02 8.102041104322088927e+01 1.004876824623316622e+02 8.364338195364533135e+01 7.731979951331339862e+01 8.187286020024858146e+01 1.011761384956226095e+02 1.050017804605426761e+02 1.050017804605426761e+02
9.802864202228248303e+01 8.102041104322088927e+01 1.018542839872025496e+02 1.047319386096964138e+02 1.081492769338827884e+02 7.521553270515549627e+01 7.872536372690845496e+01 9.802864202228248303e+01 6.772882630980099350e+01 7.505403670426716189e+01
1.044620967588501514e+02 1.004876824623316622e+02 1.047319386096964138e+02 1.081492769338827884e+02 7.744952833846821250e+01 1.044620967588501514e+02 1.044620967588501514e+02 1.044620967588501514e+02 1.050017804605426761e+02 1.050017804605426761e+02
1.081492769338827884e+02 8.364338195364533135e+01 1.081492769338827884e+02 7.744952833846819829e+01 8.487725939774358608e+01 1.081492769338827884e+02 1.081492769338827884e+02 1.081492769338827884e+02 1.081492769338827884e+02 1.081492769338827884e+02
7.435209170449778071e+01 7.731979951331338441e+01 7.521553270515549627e+01 1.044620967588501514e+02 1.081492769338827884e+02 9.122475652830146942e+01 5.785112352685591475e+01 9.148132497693175935e+01 1.018542839872025496e+02 1.018542839872025496e+02
7.864352358676040922e+01 8.187286020024856725e+01 7.872536372690845496e+01 1.044620967588501514e+02 1.081492769338827884e+02 5.785112352685591475e+01 9.122475652830146942e+01 9.148132497693175935e+01 1.018542839872025496e+02 1.018542839872025496e+02
7.045359666738696092e+01 1.011761384956226095e+02 9.802864202228249724e+01 1.044620967588501514e+02 1.081492769338827884e+02 9.148132497693177356e+01 9.148132497693177356e+01 9.718124358642337768e+01 1.018542839872025496e+02 1.018542839872025496e+02
1.018542839872025496e+02 1.050017804605426761e+02 6.772882630980099350e+01 1.050017804605426761e+02 1.081492769338827884e+02 1.018542839872025496e+02 1.018542839872025496e+02 1.018542839872025496e+02 4.511824673324647250e+01 4.825378942133178128e+01
1.018542839872025496e+02 1.050017804605426761e+02 7.505403670426716189e+01 1.050017804605426761e+02 1.081492769338827884e+02 1.018542839872025496e+02 1.018542839872025496e+02 1.018542839872025496e+02 4.825378942133178128e+01 4.215171652677257796e+00
