1.026676848047635673e+02 7.008853043045033360e+01 8.572649010311059214e+01 9.724881228148574053e+01 9.313317478720064457e+01 1.009552657015773605e+02 1.004259091130904551e+02 8.161085260882549619e+01 1.004259091130904551e+02 9.693203045710899346e+01
7.008853043045033360e+01 2.065362876233552569e+01 5.935235127133719146e+01 1.026676848047635673e+02 1.026676848047635673e+02 1.026676848047635673e+02 1.026676848047635673e+02 6.340995861823596158e+01 1.026676848047635673e+02 9.249961113844715044e+01
8.572649010311059214e+01 5.935235127133719857e+01 1.026676848047635673e+02 8.498026377881730298e+01 1.013644497757708507e+02 1.018938063642577561e+02 9.433903057811997428e+01 8.238720419700339903e+01 8.498026377881730298e+01 8.990661125945813126e+01
9.724881228148574053e+01 1.026676848047635673e+02 8.498026377881731719e+01 1.000612147467781199e+02 8.031711639981025996e+01 1.001813872610715634e+02 9.209725488644687630e+01 7.897170710894202728e+01 7.669465854741363842e+01 9.433903057811998849e+01
9.313317478720064457e+01 1.026676848047635673e+02 1.013644497757708507e+02 8.031711639981025996e+01 6.800643701132756291e+01 9.924284659839116784e+01 9.818413342141734290e+01 8.162035142880297656e+01 9.818413342141732869e+01 1.013644497757708507e+02
1.009552657015773605e+02 1.026676848047635673e+02 1.018938063642577561e+02 1.001813872610715634e+02 9.924284659839116784e+01 1.021786411007257840e+02 8.245828021438157407e+01 1.009552657015773605e+02 8.245828021438157407e+01 1.018938063642577561e+02
1.004259091130904551e+02 1.026676848047635673e+02 9.433903057811997428e+01 9.209725488644687630e+01 9.818413342141732869e+01 8.245828021438157407e+01 1.000612147467781199e+02 1.004259091130904551e+02 7.163939134965630728e+01 7.796206456563396614e+01
8.161085260882549619e+01 6.340995861823596158e+01 8.238720419700339903e+01 7.897170710894201306e+01 8.162035142880299077e+01 1.009552657015773747e+02 1.004259091130904551e+02 1.026676848047635673e+02 1.004259091130904551e+02 9.693203045710899346e+01
1.004259091130904551e+02 1.026676848047635673e+02 8.498026377881731719e+01 7.669465854741363842e+01 9.818413342141734290e+01 8.245828021438157407e+01 7.163939134965630728e+01 1.004259091130904551e+02 1.000612147467781199e+02 9.433903057811998849e+01
9.693203045710899346e+01 9.249961113844715044e+01 8.990661125945813126e+01 9.433903057811998849e+01 1.013644497757708507e+02 1.018938063642577561e+02 7.796206456563396614e+01 9.693203045710899346e+01 9.433903057811998849e+01 1.026676848047635673e+02
