1.035525819887078853e+02 6.286382073466891285e+01 7.806237611600258219e+01 1.022383495564157840e+02 1.026007748538413011e+02 1.026007748538413011e+02 1.022383495564157840e+02 7.399859658062268863e+01 1.026007748538413011e+02 7.399859658062268863e+01
6.286382073466891285e+01 1.035525819887078853e+02 7.806237611600258219e+01 1.022383495564157840e+02 1.026007748538413011e+02 1.026007748538413011e+02 1.022383495564157840e+02 7.399859658062268863e+01 1.026007748538413011e+02 7.399859658062268863e+01
7.806237611600258219e+01 7.806237611600258219e+01 6.069972931405708749e+01 1.026007748538413153e+02 1.016489677189747454e+02 1.016489677189747454e+02 1.026007748538413153e+02 4.939315417777859807e+01 1.016489677189747454e+02 4.939315417777859807e+01
1.022383495564157840e+02 1.022383495564157840e+02 1.026007748538413011e+02 1.035525819887078853e+02 1.020313379230807129e+02 7.794277878281779692e+01 8.437641864185513896e+01 1.026007748538413011e+02 1.022067575416881482e+02 1.026007748538413011e+02
1.026007748538413153e+02 1.026007748538413153e+02 1.016489677189747454e+02 1.020313379230807129e+02 1.008609330946683968e+02 8.262786887442538841e+01 9.735395079839300081e+01 1.016489677189747454e+02 6.474564389139723630e+01 1.016489677189747454e+02
1.026007748538413153e+02 1.026007748538413153e+02 1.016489677189747454e+02 7.794277878281778271e+01 8.262786887442538841e+01 1.008609330946683968e+02 9.735395079839300081e+01 1.016489677189747454e+02 5.205990945694092886e+01 1.016489677189747454e+02
1.022383495564157840e+02 1.022383495564157840e+02 1.026007748538413011e+02 8.437641864185513896e+01 9.735395079839298660e+01 9.735395079839298660e+01 1.035525819887078853e+02 1.026007748538413011e+02 9.250114405509785342e+01 1.026007748538413011e+02
7.399859658062268863e+01 7.399859658062268863e+01 4.939315417777859807e+01 1.026007748538413153e+02 1.016489677189747454e+02 1.016489677189747454e+02 1.026007748538413153e+02 6.567362860125880886e+00 1.016489677189747454e+02 7.938375968538517569e+00
1.026007748538413153e+02 1.026007748538413153e+02 1.016489677189747454e+02 1.022067575416881340e+02 6.474564389139723630e+01 5.205990945694092886e+01 9.250114405509786764e+01 1.016489677189747454e+02 2.357670761463811271e+00 1.016489677189747454e+02
7.399859658062268863e+01 7.399859658062268863e+01 4.939315417777859807e+01 1.026007748538413153e+02 1.016489677189747454e+02 1.016489677189747454e+02 1.026007748538413153e+02 7.938375968538517569e+00 1.016489677189747454e+02 1.062643583042856754e+01
