1.009411380711007666e+02 8.974817979880698715e+01 9.118622045137666987e+01 7.537027878356833810e+01 9.102372276693546382e+01 9.314924908189851749e+01 9.032234960432401749e+01 8.974817979880698715e+01 8.404123375427894871e+01 8.420373143872015476e+01
8.974817979880700136e+01 5.265756231435126944e-01 8.974817979880700136e+01 1.009411380711007666e+02 1.009411380711007666e+02 8.974817979880698715e+01 8.974817979880700136e+01 4.829926162399651446e+01 1.009411380711007666e+02 8.974817979880700136e+01
9.118622045137666987e+01 8.974817979880698715e+01 1.009411380711007666e+02 9.800621177959195052e+01 8.125619228516001158e+01 8.180009491060525306e+01 7.945064196577965276e+01 8.974817979880698715e+01 9.800621177959195052e+01 7.945064196577965276e+01
7.537027878356833810e+01 1.009411380711007666e+02 9.800621177959195052e+01 9.161580209987252488e+01 8.722492562837396690e+01 9.800621177959195052e+01 8.951661575803407800e+01 1.009411380711007666e+02 7.937856576866482783e+01 9.015985191988278302e+01
9.102372276693546382e+01 1.009411380711007666e+02 8.125619228516001158e+01 8.722492562837396690e+01 9.507128548808313440e+01 8.665705760829868609e+01 9.714234093253929814e+01 1.009411380711007666e+02 6.653765355620097921e+01 8.373939581365087292e+01
9.314924908189854591e+01 8.974817979880700136e+01 8.180009491060526727e+01 9.800621177959195052e+01 8.665705760829868609e+01 1.009411380711007666e+02 9.314924908189854591e+01 8.974817979880700136e+01 9.800621177959195052e+01 9.314924908189854591e+01
9.032234960432401749e+01 8.974817979880698715e+01 7.945064196577965276e+01 8.951661575803407800e+01 9.714234093253929814e+01 9.314924908189851749e+01 1.009411380711007666e+02 8.974817979880698715e+01 9.627847008548664576e+01 7.432743172988432434e+01
8.974817979880700136e+01 4.829926162399651446e+01 8.974817979880700136e+01 1.009411380711007666e+02 1.009411380711007666e+02 8.974817979880698715e+01 8.974817979880700136e+01 2.271118937077213218e+01 1.009411380711007666e+02 8.974817979880700136e+01
8.404123375427894871e+01 1.009411380711007666e+02 9.800621177959195052e+01 7.937856576866482783e+01 6.653765355620097921e+01 9.800621177959195052e+01 9.627847008548664576e+01 1.009411380711007666e+02 9.275143778152070695e+00 5.310701627222425714e+01
8.420373143872015476e+01 8.974817979880698715e+01 7.945064196577965276e+01 9.015985191988278302e+01 8.373939581365087292e+01 9.314924908189851749e+01 7.432743172988432434e+01 8.974817979880698715e+01 5.310701627222425714e+01 1.009411380711007666e+02
