1.011093391534507475e+02 9.192135543105391093e+01 9.030274505076030778e+01 9.192135543105391093e+01 8.617157833786934873e+01 8.962551250508110456e+01 9.486561864454291992e+01 9.251393791663905120e+01 9.591203428191977309e+01 1.006153957377274821e+02
9.192135543105392514e+01 1.001214523220042310e+02 6.807759951570109536e+01 8.517819747942040465e+01 8.577521854706878912e+01 9.197719323298497329e+01 1.005123180858023773e+02 1.011093391534507475e+02 1.011093391534507475e+02 6.582298817697532911e+01
9.030274505076032199e+01 6.807759951570109536e+01 1.001214523220042310e+02 9.132433436340554067e+01 9.192135543105392514e+01 9.197719323298498750e+01 1.005123180858023773e+02 1.011093391534507475e+02 1.011093391534507475e+02 6.582298817697532911e+01
9.192135543105392514e+01 8.517819747942040465e+01 9.132433436340554067e+01 1.001214523220042310e+02 7.848387305103534572e+01 9.197719323298498750e+01 8.726330131508532872e+01 1.011093391534507475e+02 1.011093391534507475e+02 9.991529701815399278e+01
8.617157833786934873e+01 8.577521854706878912e+01 9.192135543105391093e+01 7.848387305103534572e+01 1.011093391534507475e+02 8.962551250508110456e+01 8.285188053270499609e+01 8.050019980480112736e+01 9.591203428191977309e+01 1.006153957377274821e+02
8.962551250508110456e+01 9.197719323298497329e+01 9.197719323298497329e+01 9.197719323298497329e+01 8.962551250508110456e+01 1.011093391534507475e+02 9.826371500982364182e+01 7.785992477201151019e+01 5.980781526210323307e+01 1.006153957377274821e+02
9.486561864454291992e+01 1.005123180858023773e+02 1.005123180858023630e+02 8.726330131508532872e+01 8.285188053270499609e+01 9.826371500982362761e+01 1.011093391534507475e+02 7.631587851888608043e+01 9.591203428191977309e+01 1.004092404338772440e+02
9.251393791663906541e+01 1.011093391534507475e+02 1.011093391534507475e+02 1.011093391534507475e+02 8.050019980480112736e+01 7.785992477201151019e+01 7.631587851888608043e+01 9.071472941038879867e+01 4.885317157462110060e+01 1.011093391534507475e+02
9.591203428191977309e+01 1.011093391534507475e+02 1.011093391534507475e+02 1.011093391534507475e+02 9.591203428191977309e+01 5.980781526210323307e+01 9.591203428191977309e+01 4.885317157462110060e+01 2.290877625977372212e-01 1.011093391534507475e+02
1.006153957377274963e+02 6.582298817697532911e+01 6.582298817697532911e+01 9.991529701815399278e+01 1.006153957377274963e+02 1.006153957377274963e+02 1.004092404338772440e+02 1.011093391534507475e+02 1.011093391534507475e+02 1.262082542629922699e+00
