1.008224171183466211e+02 8.705151983175397845e+01 1.015512825993186965e+02 7.267124445591962001e+01 1.010174490462004258e+02 6.147617070990347798e+01 6.685689004145581293e+01 8.420408632038726182e+01 8.324030332338932681e+01 6.492932404745995711e+01
8.705151983175397845e+01 1.001448138678177031e+02 1.015512825993186965e+02 7.777182433654796512e+01 9.736434709418755062e+01 8.705151983175397845e+01 7.328062254516132157e+01 8.741595257224000193e+01 8.741595257224000193e+01 7.328062254516132157e+01
1.015512825993186965e+02 1.015512825993186965e+02 9.554807212549852879e-01 1.015512825993186965e+02 9.515110768343467385e+01 1.015512825993186965e+02 1.015512825993186965e+02 5.969001111924907832e+01 6.519917219394881158e+01 1.015512825993186965e+02
7.267124445591962001e+01 7.777182433654796512e+01 1.015512825993186965e+02 1.008224171183466211e+02 1.010174490462004258e+02 7.267124445591962001e+01 7.361942417042578768e+01 8.758535338487223498e+01 8.758535338487223498e+01 7.361942417042578768e+01
1.010174490462004258e+02 9.736434709418755062e+01 9.515110768343467385e+01 1.010174490462004258e+02 1.015512825993186965e+02 1.010174490462004258e+02 1.008480482335681927e+02 9.799957795850144748e+01 9.799957795850144748e+01 1.008480482335681927e+02
6.147617070990347798e+01 8.705151983175397845e+01 1.015512825993186965e+02 7.267124445591962001e+01 1.010174490462004258e+02 1.008224171183466211e+02 6.685689004145581293e+01 8.420408632038726182e+01 7.901301727248984719e+01 5.647475194566100498e+01
6.685689004145581293e+01 7.328062254516132157e+01 1.015512825993186965e+02 7.361942417042578768e+01 1.008480482335681927e+02 6.685689004145581293e+01 8.789626007282994591e-01 6.517424184353781413e+01 6.722132278194185062e+01 3.289136296456500475e+01
8.420408632038726182e+01 8.741595257224000193e+01 5.969001111924907832e+01 8.758535338487223498e+01 9.799957795850144748e+01 8.420408632038724761e+01 6.517424184353781413e+01 1.015512825993186965e+02 6.621024748794532400e+01 6.722132278194185062e+01
8.324030332338932681e+01 8.741595257224000193e+01 6.519917219394881158e+01 8.758535338487223498e+01 9.799957795850144748e+01 7.901301727248984719e+01 6.722132278194185062e+01 6.621024748794532400e+01 1.015512825993186965e+02 5.325330508853477340e+01
6.492932404745995711e+01 7.328062254516132157e+01 1.015512825993186965e+02 7.361942417042578768e+01 1.008480482335681927e+02 5.647475194566100498e+01 3.289136296456500475e+01 6.722132278194185062e+01 5.325330508853476630e+01 5.176875938151198397e+00
