1.000907126128452944e+02 7.281668650610305349e+01 8.700063244691102682e+01 7.880088545590987792e+01 8.654662613130254556e+01 8.700063244691104103e+01 1.011845783877190001e+02 8.848691811490907355e+01 1.007305720721105047e+02 1.011845783877190001e+02
7.281668650610305349e+01 4.554225296998351546e-02 6.219921468763767791e+01 1.006376455002821615e+02 6.174520837202919665e+01 6.219921468763767791e+01 1.011845783877190001e+02 1.006376455002821615e+02 1.007305720721105047e+02 1.011845783877190001e+02
8.700063244691102682e+01 6.219921468763767791e+01 1.011845783877190001e+02 9.688566279063093134e+01 7.698485989681158514e+01 7.720226988023603099e+01 8.236752311013387384e+01 9.688566279063093134e+01 1.009479820555349647e+02 1.011653920389593964e+02
7.880088545590986371e+01 1.006376455002821473e+02 9.688566279063093134e+01 1.011845783877190001e+02 1.006841087861963331e+02 1.009015187696207647e+02 9.714953605996956298e+01 6.375360195986812784e+01 1.009479820555349505e+02 1.011653920389593964e+02
8.654662613130254556e+01 6.174520837202919665e+01 7.698485989681158514e+01 1.006841087861963331e+02 1.002765657565020376e+02 7.589974565008458285e+01 1.011845783877190001e+02 1.006841087861963331e+02 8.070621838980653706e+01 1.011845783877190001e+02
8.700063244691102682e+01 6.219921468763767791e+01 7.720226988023601677e+01 1.009015187696207647e+02 7.589974565008459706e+01 1.011845783877190001e+02 7.663717280540389254e+01 1.009015187696207647e+02 8.465042357434967357e+01 6.857027507658881404e+01
1.011845783877190001e+02 1.011845783877190001e+02 8.236752311013387384e+01 9.714953605996954877e+01 1.011845783877190001e+02 7.663717280540387833e+01 1.011462056901997784e+02 9.714953605996954877e+01 8.486783355777410520e+01 6.855108872782921026e+01
8.848691811490907355e+01 1.006376455002821473e+02 9.688566279063093134e+01 6.375360195986812784e+01 1.006841087861963331e+02 1.009015187696207647e+02 9.714953605996956298e+01 1.011845783877190001e+02 1.009479820555349505e+02 1.011653920389593964e+02
1.007305720721105189e+02 1.007305720721105189e+02 1.009479820555349505e+02 1.009479820555349505e+02 8.070621838980653706e+01 8.465042357434967357e+01 8.486783355777410520e+01 1.009479820555349505e+02 1.011845783877190001e+02 6.034390565755776947e+01
1.011845783877190001e+02 1.011845783877190001e+02 1.011653920389593964e+02 1.011653920389593964e+02 1.011845783877190001e+02 6.857027507658881404e+01 6.855108872782921026e+01 1.011653920389593964e+02 6.034390565755776947e+01 3.501673996085825280e+01
