1.014587890633177807e+02 9.985447850023409444e+01 9.985447850023409444e+01 6.598608894917508394e+01 9.617317689467476782e+01 8.837116373418764681e+01 8.787082164773204340e+01 8.787082164773204340e+01 8.837116373418764681e+01 8.216007008336029571e+01
9.985447850023409444e+01 6.474265690596133993e+01 9.314948622477798779e+01 9.985447850023409444e+01 1.014587890633177807e+02 9.985447850023409444e+01 7.566096223165821755e+01 7.566096223165821755e+01 9.985447850023409444e+01 9.825016793715040819e+01
9.985447850023409444e+01 9.314948622477798779e+01 2.023517855322008074e+01 9.985447850023409444e+01 1.014587890633177807e+02 9.985447850023409444e+01 9.569982708096419799e+01 9.569982708096419799e+01 9.985447850023409444e+01 9.825016793715040819e+01
6.598608894917509815e+01 9.985447850023409444e+01 9.985447850023409444e+01 1.014587890633177807e+02 9.617317689467476782e+01 8.155907304741361941e+01 8.358394826209021744e+01 8.358394826209020323e+01 8.408429034854582085e+01 8.216007008336029571e+01
9.617317689467476782e+01 1.014587890633177807e+02 1.014587890633177807e+02 9.617317689467476782e+01 4.042836376087166173e+01 1.008551626731453155e+02 1.014587890633177807e+02 1.014587890633177807e+02 1.008551626731453155e+02 1.014587890633177807e+02
8.837116373418766102e+01 9.985447850023409444e+01 9.985447850023409444e+01 8.155907304741361941e+01 1.008551626731453155e+02 1.014587890633177807e+02 8.358394826209021744e+01 8.358394826209020323e+01 8.405512887179756376e+01 8.216007008336029571e+01
8.787082164773204340e+01 7.566096223165821755e+01 9.569982708096419799e+01 8.358394826209021744e+01 1.014587890633177807e+02 8.358394826209021744e+01 9.825016793715040819e+01 5.383613001774718043e+01 7.788508544730956373e+01 8.055575952027660946e+01
8.787082164773204340e+01 7.566096223165821755e+01 9.569982708096419799e+01 8.358394826209021744e+01 1.014587890633177807e+02 8.358394826209021744e+01 5.383613001774718043e+01 9.825016793715040819e+01 7.842453021496125132e+01 8.055575952027660946e+01
8.837116373418766102e+01 9.985447850023409444e+01 9.985447850023409444e+01 8.408429034854582085e+01 1.008551626731453155e+02 8.405512887179756376e+01 7.788508544730956373e+01 7.842453021496125132e+01 1.014587890633177807e+02 8.216007008336029571e+01
8.216007008336029571e+01 9.825016793715040819e+01 9.825016793715040819e+01 8.216007008336029571e+01 1.014587890633177807e+02 8.216007008336029571e+01 8.055575952027660946e+01 8.055575952027660946e+01 8.216007008336029571e+01 5.618496363944106564e-01
