1.023259291520752612e+02 1.011182517854116298e+02 1.013342780860242272e+02 1.011182517854116156e+02 1.025234766070310144e+02 1.013342780860242272e+02 1.013342780860242272e+02 6.157671705144364438e+01 1.011182517854116298e+02 1.025234766070310144e+02
1.011182517854116298e+02 1.023259291520752612e+02 7.263022627810076415e+01 7.097887323930766001e+01 7.758096467849155431e+01 7.861420768815419535e+01 8.359258263328402450e+01 1.013342780860242272e+02 8.008959471134927810e+01 9.365262888066091307e+01
1.013342780860242272e+02 7.263022627810074994e+01 6.485923611449278781e+01 7.294692472137576544e+01 7.332359926608202727e+01 5.988086116936295866e+01 4.219235995058561883e+01 1.003426270199731931e+02 7.584634901794065343e+01 7.295251753931171379e+01
1.011182517854116298e+02 7.097887323930766001e+01 7.294692472137575123e+01 1.023259291520752612e+02 9.365262888066091307e+01 8.359258263328402450e+01 6.230126680946749218e+01 1.013342780860242272e+02 7.234336109600589282e+01 8.300697096875265402e+01
1.025234766070310144e+02 7.758096467849155431e+01 7.332359926608202727e+01 9.365262888066091307e+01 1.037126751280378016e+02 7.930758067613547269e+01 8.428595562126528762e+01 1.020276510740054903e+02 9.365262888066091307e+01 8.132388501209472054e+01
1.013342780860242272e+02 7.861420768815419535e+01 5.988086116936295866e+01 8.359258263328402450e+01 7.930758067613547269e+01 2.139207395331867989e+00 6.485923611449278781e+01 1.003426270199731931e+02 8.359258263328402450e+01 8.428595562126528762e+01
1.013342780860242272e+02 8.359258263328402450e+01 4.219235995058561173e+01 6.230126680946748507e+01 8.428595562126528762e+01 6.485923611449278781e+01 1.499995793244802478e+00 1.003426270199731931e+02 6.810011540259728235e+01 5.821598173421700295e+01
6.157671705144363727e+01 1.013342780860242272e+02 1.003426270199731931e+02 1.013342780860242272e+02 1.020276510740054903e+02 1.003426270199731931e+02 1.003426270199731931e+02 8.684332489003873112e-01 1.013342780860242272e+02 1.020276510740054903e+02
1.011182517854116298e+02 8.008959471134927810e+01 7.584634901794065343e+01 7.234336109600589282e+01 9.365262888066091307e+01 8.359258263328402450e+01 6.810011540259728235e+01 1.013342780860242272e+02 1.023259291520752612e+02 8.590639526531754200e+01
1.025234766070310144e+02 9.365262888066091307e+01 7.295251753931171379e+01 8.300697096875265402e+01 8.132388501209472054e+01 8.428595562126528762e+01 5.821598173421699585e+01 1.020276510740054903e+02 8.590639526531754200e+01 1.037126751280378016e+02
